821,393,50.0,50.0,0.0,110.0,1
821,393,50.0,50.0,0.0,110.0,1
821,393,50.0,50.0,0.0,110.0,1
820,393,50.0,50.0,0.0,110.0,1
819,393,50.0,50.0,0.0,110.0,1
818,393,50.0,50.0,0.0,110.0,1
814,393,50.0,50.0,0.0,110.0,1
810,393,50.0,50.0,0.0,110.0,1
806,393,50.0,50.0,0.0,110.0,1
802,393,50.0,50.0,0.0,110.0,1
798,393,50.0,50.0,0.0,110.0,1
794,393,50.0,50.0,0.0,110.0,1
790,392,50.0,50.0,0.0,110.0,1
786,391,50.0,50.0,0.0,110.0,1
782,390,50.0,50.0,0.0,110.0,1
778,388,50.0,50.0,0.0,110.0,1
774,386,50.0,50.0,0.0,110.0,1
770,384,50.0,50.0,0.0,110.0,1
766,382,50.0,50.0,0.0,110.0,1
762,380,50.0,50.0,0.0,110.0,1
758,377,50.0,50.0,0.0,110.0,1
754,374,50.0,50.0,0.0,110.0,1
750,371,50.0,50.0,0.0,110.0,1
746,368,50.0,50.0,0.0,110.0,1
742,365,50.0,50.0,0.0,110.0,1
738,362,50.0,50.0,0.0,110.0,1
734,359,50.0,50.0,0.0,110.0,1
730,356,50.0,50.0,0.0,110.0,1
726,353,50.0,50.0,0.0,110.0,1
722,350,50.0,50.0,0.0,110.0,1
718,347,50.0,50.0,0.0,110.0,1
714,345,50.0,50.0,0.0,110.0,1
710,343,50.0,50.0,0.0,110.0,1
706,342,50.0,50.0,0.0,110.0,1
702,341,50.0,50.0,0.0,110.0,1
698,340,50.0,50.0,0.0,110.0,1
694,340,50.0,50.0,0.0,110.0,1
690,340,50.0,50.0,0.0,110.0,1
686,340,50.0,50.0,0.0,110.0,1
682,340,50.0,50.0,0.0,110.0,1
678,340,50.0,50.0,0.0,110.0,1
674,340,50.0,50.0,0.0,110.0,1
670,340,50.0,50.0,0.0,110.0,1
666,340,50.0,50.0,0.0,110.0,1
662,340,50.0,50.0,0.0,110.0,1
658,340,50.0,50.0,0.0,110.0,1
654,340,50.0,50.0,0.0,110.0,1
650,340,50.0,50.0,0.0,110.0,1
646,340,50.0,50.0,0.0,110.0,1
642,340,50.0,50.0,0.0,110.0,1
638,340,50.0,50.0,0.0,110.0,1
634,340,50.0,50.0,0.0,110.0,1
630,340,50.0,50.0,0.0,110.0,1
626,340,50.0,50.0,0.0,110.0,1
622,340,50.0,50.0,0.0,110.0,1
618,340,50.0,50.0,0.0,110.0,1
614,340,50.0,50.0,0.0,110.0,1
610,340,50.0,50.0,0.0,110.0,1
606,340,50.0,50.0,0.0,110.0,1
602,340,50.0,50.0,0.0,110.0,1
598,340,50.0,50.0,0.0,110.0,1
594,340,50.0,50.0,0.0,110.0,1
590,340,50.0,50.0,0.0,110.0,1
586,340,50.0,50.0,0.0,110.0,1
582,340,50.0,50.0,0.0,110.0,1
578,340,50.0,50.0,0.0,110.0,1
574,340,50.0,50.0,0.0,110.0,1
.
530,360,50.0,50.0,0.0,110.0,1
526,364,50.0,50.0,0.0,110.0,1
522,368,50.0,50.0,0.0,110.0,1
518,372,50.0,50.0,0.0,110.0,1
514,376,50.0,50.0,0.0,110.0,1
510,381,50.0,50.0,0.0,110.0,1
506,386,50.0,50.0,0.0,110.0,1
502,391,50.0,50.0,0.0,110.0,1
498,396,50.0,50.0,0.0,110.0,1
494,401,50.0,50.0,0.0,110.0,1
490,406,50.0,50.0,0.0,110.0,1
486,411,50.0,50.0,0.0,110.0,1
482,416,50.0,50.0,0.0,110.0,1
478,421,50.0,50.0,0.0,110.0,1
474,425,50.0,50.0,0.0,110.0,1
470,429,50.0,50.0,0.0,110.0,1
466,433,50.0,50.0,0.0,110.0,1
462,437,50.0,50.0,0.0,110.0,1
458,437,50.0,50.0,0.0,110.0,1
454,437,50.0,50.0,0.0,110.0,1
450,437,50.0,50.0,0.0,110.0,1
446,437,50.0,50.0,0.0,110.0,1
442,437,50.0,50.0,0.0,110.0,1
438,437,50.0,50.0,0.0,110.0,1
.
547,345,50.0,50.0,0.0,110.0,1
547,345,50.0,50.0,0.0,110.0,1
547,345,50.0,50.0,0.0,110.0,1
547,345,50.0,50.0,0.0,110.0,1
547,345,50.0,50.0,0.0,110.0,1
547,345,50.0,50.0,0.0,110.0,1
547,345,50.0,50.0,0.0,110.0,1
547,345,50.0,50.0,0.0,110.0,1
547,345,50.0,50.0,0.0,110.0,1
547,345,50.0,50.0,0.0,110.0,1
547,345,50.0,50.0,0.0,110.0,1
547,345,50.0,50.0,0.0,110.0,1
547,345,50.0,50.0,0.0,110.0,1
547,345,50.0,50.0,0.0,110.0,1
547,345,50.0,50.0,0.0,110.0,1
547,345,50.0,50.0,0.0,110.0,1
547,345,50.0,50.0,0.0,110.0,1
547,345,50.0,50.0,0.0,110.0,1
547,345,50.0,50.0,0.0,110.0,1
547,345,50.0,50.0,0.0,110.0,1
547,345,50.0,50.0,0.0,110.0,1
546,349,50.0,50.0,0.0,110.0,1
545,353,50.0,50.0,0.0,110.0,1
544,357,50.0,50.0,0.0,110.0,1
543,361,50.0,50.0,0.0,110.0,1
541,365,50.0,50.0,0.0,110.0,1
539,369,50.0,50.0,0.0,110.0,1
537,373,50.0,50.0,0.0,110.0,1
535,377,50.0,50.0,0.0,110.0,1
533,381,50.0,50.0,0.0,110.0,1
531,385,50.0,50.0,0.0,110.0,1
529,389,50.0,50.0,0.0,110.0,1
527,393,50.0,50.0,0.0,110.0,1
525,397,50.0,50.0,0.0,110.0,1
523,401,50.0,50.0,0.0,110.0,1
521,405,50.0,50.0,0.0,110.0,1
519,409,50.0,50.0,0.0,110.0,1
516,413,50.0,50.0,0.0,110.0,1
513,417,50.0,50.0,0.0,110.0,1
510,421,50.0,50.0,0.0,110.0,1
507,425,50.0,50.0,0.0,110.0,1
504,429,50.0,50.0,0.0,110.0,1
501,433,50.0,50.0,0.0,110.0,1
498,433,50.0,50.0,0.0,110.0,1
495,433,50.0,50.0,0.0,110.0,1
492,433,50.0,50.0,0.0,110.0,1
488,433,50.0,50.0,0.0,110.0,1
484,433,50.0,50.0,0.0,110.0,1
480,433,50.0,50.0,0.0,110.0,1
476,433,50.0,50.0,0.0,110.0,1
472,433,50.0,50.0,0.0,110.0,1
468,433,50.0,50.0,0.0,110.0,1
464,433,50.0,50.0,0.0,110.0,1
460,433,50.0,50.0,0.0,110.0,1
456,433,50.0,50.0,0.0,110.0,1
452,433,50.0,50.0,0.0,110.0,1
448,433,50.0,50.0,0.0,110.0,1
444,433,50.0,50.0,0.0,110.0,1
440,433,50.0,50.0,0.0,110.0,1
436,433,50.0,50.0,0.0,110.0,1
432,433,50.0,50.0,0.0,110.0,1
428,433,50.0,50.0,0.0,110.0,1
424,433,50.0,50.0,0.0,110.0,1
420,433,50.0,50.0,0.0,110.0,1
416,433,50.0,50.0,0.0,110.0,1
412,433,50.0,50.0,0.0,110.0,1
408,433,50.0,50.0,0.0,110.0,1
404,433,50.0,50.0,0.0,110.0,1
400,433,50.0,50.0,0.0,110.0,1
396,433,50.0,50.0,0.0,110.0,1
392,433,50.0,50.0,0.0,110.0,1
388,433,50.0,50.0,0.0,110.0,1
384,433,50.0,50.0,0.0,110.0,1
380,433,50.0,50.0,0.0,110.0,1
376,433,50.0,50.0,0.0,110.0,1
372,433,50.0,50.0,0.0,110.0,1
368,433,50.0,50.0,0.0,110.0,1
364,433,50.0,50.0,0.0,110.0,1
360,433,50.0,50.0,0.0,110.0,1
356,433,50.0,50.0,0.0,110.0,1
352,433,50.0,50.0,0.0,110.0,1
348,433,50.0,50.0,0.0,110.0,1
344,433,50.0,50.0,0.0,110.0,1
340,432,50.0,50.0,0.0,110.0,1
336,431,50.0,50.0,0.0,110.0,1
332,430,50.0,50.0,0.0,110.0,1
328,428,50.0,50.0,0.0,110.0,1
324,426,50.0,50.0,0.0,110.0,1
320,424,50.0,50.0,0.0,110.0,1
316,422,50.0,50.0,0.0,110.0,1
312,420,50.0,50.0,0.0,110.0,1
308,418,50.0,50.0,0.0,110.0,1
304,416,50.0,50.0,0.0,110.0,1
300,414,50.0,50.0,0.0,110.0,1
296,412,50.0,50.0,0.0,110.0,1
292,410,50.0,50.0,0.0,110.0,1
288,408,50.0,50.0,0.0,110.0,1
284,406,50.0,50.0,0.0,110.0,1
280,403,50.0,50.0,0.0,110.0,1
276,400,50.0,50.0,0.0,110.0,1
272,397,50.0,50.0,0.0,110.0,1
268,394,50.0,50.0,0.0,110.0,1
264,391,50.0,50.0,0.0,110.0,1
260,388,50.0,50.0,0.0,110.0,1
256,385,50.0,50.0,0.0,110.0,1
252,382,50.0,50.0,0.0,110.0,1
248,379,50.0,50.0,0.0,110.0,1
244,376,50.0,50.0,0.0,110.0,1
240,373,50.0,50.0,0.0,110.0,1
236,370,50.0,50.0,0.0,110.0,1
232,367,50.0,50.0,0.0,110.0,1
228,364,50.0,50.0,0.0,110.0,1
224,361,50.0,50.0,0.0,110.0,1
220,358,50.0,50.0,0.0,110.0,1
216,355,50.0,50.0,0.0,110.0,1
212,352,50.0,50.0,0.0,110.0,1
208,349,50.0,50.0,0.0,110.0,1
204,346,50.0,50.0,0.0,110.0,1
200,343,50.0,50.0,0.0,110.0,1
196,340,50.0,50.0,0.0,110.0,1
192,338,50.0,50.0,0.0,110.0,1
188,336,50.0,50.0,0.0,110.0,1
184,334,50.0,50.0,0.0,110.0,1
180,332,50.0,50.0,0.0,110.0,1
176,330,50.0,50.0,0.0,110.0,1
172,328,50.0,50.0,0.0,110.0,1
168,326,50.0,50.0,0.0,110.0,1
164,324,50.0,50.0,0.0,110.0,1
160,322,50.0,50.0,0.0,110.0,1
156,321,50.0,50.0,0.0,110.0,1
152,320,50.0,50.0,0.0,110.0,1
148,319,50.0,50.0,0.0,110.0,1
144,318,50.0,50.0,0.0,110.0,1
140,317,50.0,50.0,0.0,110.0,1
136,316,50.0,50.0,0.0,110.0,1
132,316,50.0,50.0,0.0,110.0,1
128,316,50.0,50.0,0.0,110.0,1
124,316,50.0,50.0,0.0,110.0,1
120,316,50.0,50.0,0.0,110.0,1
116,316,50.0,50.0,0.0,110.0,1
112,316,50.0,50.0,0.0,110.0,1
108,316,50.0,50.0,0.0,110.0,1
104,316,50.0,50.0,0.0,110.0,1
100,316,50.0,50.0,0.0,110.0,1
96,316,50.0,50.0,0.0,110.0,1
92,316,50.0,50.0,0.0,110.0,1
88,316,50.0,50.0,0.0,110.0,1
84,316,50.0,50.0,0.0,110.0,1
80,316,50.0,50.0,0.0,110.0,1
76,316,50.0,50.0,0.0,110.0,1
72,316,50.0,50.0,0.0,110.0,1
68,316,50.0,50.0,0.0,110.0,1
64,316,50.0,50.0,0.0,110.0,1
.
22,334,50.0,50.0,0.0,110.0,1
22,334,50.0,50.0,0.0,110.0,1
22,334,50.0,50.0,0.0,110.0,1
22,334,50.0,50.0,0.0,110.0,1
22,334,50.0,50.0,0.0,110.0,1
22,334,50.0,50.0,0.0,110.0,1
22,334,50.0,50.0,0.0,110.0,1
22,334,50.0,50.0,0.0,110.0,1
22,334,50.0,50.0,0.0,110.0,1
22,334,50.0,50.0,0.0,110.0,1
22,334,50.0,50.0,0.0,110.0,1
22,334,50.0,50.0,0.0,110.0,1
22,334,50.0,50.0,0.0,110.0,1
22,334,50.0,50.0,0.0,110.0,1
22,334,50.0,50.0,0.0,110.0,1
22,334,50.0,50.0,0.0,110.0,1
22,334,50.0,50.0,0.0,110.0,1
22,334,50.0,50.0,0.0,110.0,1
20,334,50.0,50.0,0.0,110.0,1
18,334,50.0,50.0,0.0,110.0,1
16,334,50.0,50.0,0.0,110.0,1
14,334,50.0,50.0,0.0,110.0,1
12,334,50.0,50.0,0.0,110.0,1
10,334,50.0,50.0,0.0,110.0,1
8,334,50.0,50.0,0.0,110.0,1
6,334,50.0,50.0,0.0,110.0,1
4,334,50.0,50.0,0.0,110.0,1
2,334,50.0,50.0,0.0,110.0,1
0,334,50.0,50.0,0.0,110.0,1
-1,334,50.0,50.0,0.0,110.0,1
-2,334,50.0,50.0,0.0,110.0,1
-3,334,50.0,50.0,0.0,110.0,1
-3,334,50.0,50.0,0.0,110.0,1
-3,334,50.0,50.0,0.0,110.0,1
-3,334,50.0,50.0,0.0,110.0,1
-3,334,50.0,50.0,0.0,110.0,1
-3,334,50.0,50.0,0.0,110.0,1
-3,334,50.0,50.0,0.0,110.0,1
-3,334,50.0,50.0,0.0,110.0,1
-3,334,50.0,50.0,0.0,110.0,1
-3,334,50.0,50.0,0.0,110.0,1
-3,334,50.0,50.0,0.0,110.0,1
-3,334,50.0,50.0,0.0,110.0,1
2,332,50.0,50.0,0.0,110.0,1
7,330,50.0,50.0,0.0,110.0,1
12,328,50.0,50.0,0.0,110.0,1
18,325,50.0,50.0,0.0,110.0,1
24,322,50.0,50.0,0.0,110.0,1
30,319,50.0,50.0,0.0,110.0,1
36,316,50.0,50.0,0.0,110.0,1
42,313,50.0,50.0,0.0,110.0,1
48,310,50.0,50.0,0.0,110.0,1
54,307,50.0,50.0,0.0,110.0,1
60,304,50.0,50.0,0.0,110.0,1
66,301,50.0,50.0,0.0,110.0,1
72,298,50.0,50.0,0.0,110.0,1
78,295,50.0,50.0,0.0,110.0,1
84,292,50.0,50.0,0.0,110.0,1
90,289,50.0,50.0,0.0,110.0,1
96,287,50.0,50.0,0.0,110.0,1
102,285,50.0,50.0,0.0,110.0,1
108,284,50.0,50.0,0.0,110.0,1
114,283,50.0,50.0,0.0,110.0,1
120,282,50.0,50.0,0.0,110.0,1
126,282,50.0,50.0,0.0,110.0,1
132,282,50.0,50.0,0.0,110.0,1
138,282,50.0,50.0,0.0,110.0,1
144,282,50.0,50.0,0.0,110.0,1
150,282,50.0,50.0,0.0,110.0,1
156,282,50.0,50.0,0.0,110.0,1
162,282,50.0,50.0,0.0,110.0,1
168,282,50.0,50.0,0.0,110.0,1
174,282,50.0,50.0,0.0,110.0,1
180,282,50.0,50.0,0.0,110.0,1
186,282,50.0,50.0,0.0,110.0,1
192,282,50.0,50.0,0.0,110.0,1
198,282,50.0,50.0,0.0,110.0,1
204,282,50.0,50.0,0.0,110.0,1
210,282,50.0,50.0,0.0,110.0,1
216,282,50.0,50.0,0.0,110.0,1
222,282,50.0,50.0,0.0,110.0,1
228,282,50.0,50.0,0.0,110.0,1
234,282,50.0,50.0,0.0,110.0,1
240,282,50.0,50.0,0.0,110.0,1
246,282,50.0,50.0,0.0,110.0,1
252,282,50.0,50.0,0.0,110.0,1
258,282,50.0,50.0,0.0,110.0,1
264,287,50.0,50.0,0.0,110.0,1
270,292,50.0,50.0,0.0,110.0,1
276,297,50.0,50.0,0.0,110.0,1
282,302,50.0,50.0,0.0,110.0,1
288,307,50.0,50.0,0.0,110.0,1
294,312,50.0,50.0,0.0,110.0,1
300,317,50.0,50.0,0.0,110.0,1
.
241,423,290.0,50.0,0.0,110.0,1
241,423,290.0,50.0,0.0,110.0,1
241,423,290.0,50.0,0.0,110.0,1
241,423,290.0,50.0,0.0,110.0,1
241,423,290.0,50.0,0.0,110.0,1
241,423,290.0,50.0,0.0,110.0,1
241,423,290.0,50.0,0.0,110.0,1
241,423,290.0,50.0,0.0,110.0,1
.
332,423,290.0,50.0,0.0,110.0,1
332,423,290.0,50.0,0.0,110.0,1
332,423,290.0,50.0,0.0,110.0,1
332,423,290.0,50.0,0.0,110.0,1
332,423,290.0,50.0,0.0,110.0,1
332,423,290.0,50.0,0.0,110.0,1
332,423,290.0,50.0,0.0,110.0,1
332,423,290.0,50.0,0.0,110.0,1
332,423,290.0,50.0,0.0,110.0,1
332,423,290.0,50.0,0.0,110.0,1
332,423,290.0,50.0,0.0,110.0,1
332,423,290.0,50.0,0.0,110.0,1
332,423,290.0,50.0,0.0,110.0,1
332,423,290.0,50.0,0.0,110.0,1
335,423,290.0,50.0,0.0,110.0,1
338,423,290.0,50.0,0.0,110.0,1
342,423,290.0,50.0,0.0,110.0,1
346,423,290.0,50.0,0.0,110.0,1
350,423,290.0,50.0,0.0,110.0,1
355,423,290.0,50.0,0.0,110.0,1
360,423,290.0,50.0,0.0,110.0,1
366,423,290.0,50.0,0.0,110.0,1
372,423,290.0,50.0,0.0,110.0,1
378,423,290.0,50.0,0.0,110.0,1
384,423,290.0,50.0,0.0,110.0,1
390,423,290.0,50.0,0.0,110.0,1
396,423,290.0,50.0,0.0,110.0,1
402,423,290.0,50.0,0.0,110.0,1
408,423,290.0,50.0,0.0,110.0,1
414,423,290.0,50.0,0.0,110.0,1
420,423,290.0,50.0,0.0,110.0,1
426,423,290.0,50.0,0.0,110.0,1
432,423,290.0,50.0,0.0,110.0,1
438,423,290.0,50.0,0.0,110.0,1
444,423,290.0,50.0,0.0,110.0,1
450,423,290.0,50.0,0.0,110.0,1
456,423,290.0,50.0,0.0,110.0,1
462,423,290.0,50.0,0.0,110.0,1
468,422,290.0,50.0,0.0,110.0,1
474,421,290.0,50.0,0.0,110.0,1
480,420,290.0,50.0,0.0,110.0,1
486,419,290.0,50.0,0.0,110.0,1
492,417,290.0,50.0,0.0,110.0,1
498,415,290.0,50.0,0.0,110.0,1
504,413,290.0,50.0,0.0,110.0,1
510,411,290.0,50.0,0.0,110.0,1
516,409,290.0,50.0,0.0,110.0,1
522,407,290.0,50.0,0.0,110.0,1
528,405,290.0,50.0,0.0,110.0,1
534,403,290.0,50.0,0.0,110.0,1
540,401,290.0,50.0,0.0,110.0,1
546,399,290.0,50.0,0.0,110.0,1
552,397,290.0,50.0,0.0,110.0,1
558,396,290.0,50.0,0.0,110.0,1
564,395,290.0,50.0,0.0,110.0,1
570,395,290.0,50.0,0.0,110.0,1
576,395,290.0,50.0,0.0,110.0,1
582,395,290.0,50.0,0.0,110.0,1
588,395,290.0,50.0,0.0,110.0,1
594,395,290.0,50.0,0.0,110.0,1
600,395,290.0,50.0,0.0,110.0,1
606,395,290.0,50.0,0.0,110.0,1
612,395,290.0,50.0,0.0,110.0,1
618,395,290.0,50.0,0.0,110.0,1
624,395,290.0,50.0,0.0,110.0,1
630,395,290.0,50.0,0.0,110.0,1
636,395,290.0,50.0,0.0,110.0,1
642,394,290.0,50.0,0.0,110.0,1
648,393,290.0,50.0,0.0,110.0,1
654,392,290.0,50.0,0.0,110.0,1
660,391,290.0,50.0,0.0,110.0,1
666,391,290.0,50.0,0.0,110.0,1
672,391,290.0,50.0,0.0,110.0,1
678,391,290.0,50.0,0.0,110.0,1
684,391,290.0,50.0,0.0,110.0,1
690,391,290.0,50.0,0.0,110.0,1
696,391,290.0,50.0,0.0,110.0,1
702,391,290.0,50.0,0.0,110.0,1
708,391,290.0,50.0,0.0,110.0,1
714,391,290.0,50.0,0.0,110.0,1
720,391,290.0,50.0,0.0,110.0,1
726,391,290.0,50.0,0.0,110.0,1
732,391,290.0,50.0,0.0,110.0,1
.
275,413,290.0,50.0,0.0,110.0,1
274,417,290.0,50.0,0.0,110.0,1
273,421,290.0,50.0,0.0,110.0,1
272,425,290.0,50.0,0.0,110.0,1
271,425,290.0,50.0,0.0,110.0,1
270,425,290.0,50.0,0.0,110.0,1
269,425,290.0,50.0,0.0,110.0,1
268,425,290.0,50.0,0.0,110.0,1
266,425,290.0,50.0,0.0,110.0,1
263,425,290.0,50.0,0.0,110.0,1
260,425,290.0,50.0,0.0,110.0,1
257,425,290.0,50.0,0.0,110.0,1
254,424,290.0,50.0,0.0,110.0,1
251,423,290.0,50.0,0.0,110.0,1
249,421,290.0,50.0,0.0,110.0,1
247,419,290.0,50.0,0.0,110.0,1
245,417,290.0,50.0,0.0,110.0,1
243,415,290.0,50.0,0.0,110.0,1
240,413,290.0,50.0,0.0,110.0,1
237,411,290.0,50.0,0.0,110.0,1
234,409,290.0,50.0,0.0,110.0,1
230,408,290.0,50.0,0.0,110.0,1
226,407,290.0,50.0,0.0,110.0,1
222,406,290.0,50.0,0.0,110.0,1
218,405,290.0,50.0,0.0,110.0,1
214,404,290.0,50.0,0.0,110.0,1
210,403,290.0,50.0,0.0,110.0,1
206,402,290.0,50.0,0.0,110.0,1
202,401,290.0,50.0,0.0,110.0,1
198,400,290.0,50.0,0.0,110.0,1
194,399,290.0,50.0,0.0,110.0,1
190,398,290.0,50.0,0.0,110.0,1
186,397,290.0,50.0,0.0,110.0,1
182,397,290.0,50.0,0.0,110.0,1
178,397,290.0,50.0,0.0,110.0,1
174,397,290.0,50.0,0.0,110.0,1
170,397,290.0,50.0,0.0,110.0,1
166,397,290.0,50.0,0.0,110.0,1
162,397,290.0,50.0,0.0,110.0,1
158,397,290.0,50.0,0.0,110.0,1
154,400,290.0,50.0,0.0,110.0,1
150,404,290.0,50.0,0.0,110.0,1
146,409,290.0,50.0,0.0,110.0,1
142,414,290.0,50.0,0.0,110.0,1
138,419,290.0,50.0,0.0,110.0,1
134,424,290.0,50.0,0.0,110.0,1
130,429,290.0,50.0,0.0,110.0,1
126,434,290.0,50.0,0.0,110.0,1
122,439,290.0,50.0,0.0,110.0,1
118,444,290.0,50.0,0.0,110.0,1
114,449,290.0,50.0,0.0,110.0,1
110,454,290.0,50.0,0.0,110.0,1
106,459,290.0,50.0,0.0,110.0,1
102,464,290.0,50.0,0.0,110.0,1
102,464,290.0,50.0,0.0,110.0,1
106,464,290.0,50.0,0.0,110.0,1
112,464,290.0,50.0,0.0,110.0,1
118,464,290.0,50.0,0.0,110.0,1
124,464,290.0,50.0,0.0,110.0,1
130,464,290.0,50.0,0.0,110.0,1
136,464,290.0,50.0,0.0,110.0,1
140,464,290.0,50.0,0.0,110.0,1
140,469,290.0,50.0,0.0,110.0,1
136,475,290.0,50.0,0.0,110.0,1
132,481,290.0,50.0,0.0,110.0,1
128,487,290.0,50.0,0.0,110.0,1
124,493,290.0,50.0,0.0,110.0,1
120,499,290.0,50.0,0.0,110.0,1
116,505,290.0,50.0,0.0,110.0,1
112,511,290.0,50.0,0.0,110.0,1
108,515,290.0,50.0,0.0,110.0,1
105,515,290.0,50.0,0.0,110.0,1
105,515,290.0,50.0,0.0,110.0,1
111,515,290.0,50.0,0.0,110.0,1
117,514,290.0,50.0,0.0,110.0,1
123,513,290.0,50.0,0.0,110.0,1
129,512,290.0,50.0,0.0,110.0,1
135,511,290.0,50.0,0.0,110.0,1
141,510,290.0,50.0,0.0,110.0,1
147,509,290.0,50.0,0.0,110.0,1
153,508,290.0,50.0,0.0,110.0,1
159,507,290.0,50.0,0.0,110.0,1
165,506,290.0,50.0,0.0,110.0,1
171,505,290.0,50.0,0.0,110.0,1
177,504,290.0,50.0,0.0,110.0,1
183,503,290.0,50.0,0.0,110.0,1
189,502,290.0,50.0,0.0,110.0,1
195,501,290.0,50.0,0.0,110.0,1
201,500,290.0,50.0,0.0,110.0,1
207,499,290.0,50.0,0.0,110.0,1
213,498,290.0,50.0,0.0,110.0,1
219,497,290.0,50.0,0.0,110.0,1
225,496,290.0,50.0,0.0,110.0,1
231,495,290.0,50.0,0.0,110.0,1
237,494,290.0,50.0,0.0,110.0,1
243,493,290.0,50.0,0.0,110.0,1
249,492,290.0,50.0,0.0,110.0,1
255,491,290.0,50.0,0.0,110.0,1
261,490,290.0,50.0,0.0,110.0,1
267,489,290.0,50.0,0.0,110.0,1
273,488,290.0,50.0,0.0,110.0,1
279,487,290.0,50.0,0.0,110.0,1
285,486,290.0,50.0,0.0,110.0,1
291,485,290.0,50.0,0.0,110.0,1
297,484,290.0,50.0,0.0,110.0,1
303,483,290.0,50.0,0.0,110.0,1
309,482,290.0,50.0,0.0,110.0,1
315,481,290.0,50.0,0.0,110.0,1
321,480,290.0,50.0,0.0,110.0,1
327,479,290.0,50.0,0.0,110.0,1
333,478,290.0,50.0,0.0,110.0,1
339,477,290.0,50.0,0.0,110.0,1
345,476,290.0,50.0,0.0,110.0,1
351,475,290.0,50.0,0.0,110.0,1
357,474,290.0,50.0,0.0,110.0,1
363,473,290.0,50.0,0.0,110.0,1
369,472,290.0,50.0,0.0,110.0,1
375,471,290.0,50.0,0.0,110.0,1
381,470,290.0,50.0,0.0,110.0,1
387,469,290.0,50.0,0.0,110.0,1
393,468,290.0,50.0,0.0,110.0,1
399,467,290.0,50.0,0.0,110.0,1
405,466,290.0,50.0,0.0,110.0,1
411,465,290.0,50.0,0.0,110.0,1
417,464,290.0,50.0,0.0,110.0,1
423,463,290.0,50.0,0.0,110.0,1
429,462,290.0,50.0,0.0,110.0,1
435,461,290.0,50.0,0.0,110.0,1
441,460,290.0,50.0,0.0,110.0,1
447,459,290.0,50.0,0.0,110.0,1
453,458,290.0,50.0,0.0,110.0,1
459,457,290.0,50.0,0.0,110.0,1
465,456,290.0,50.0,0.0,110.0,1
471,455,290.0,50.0,0.0,110.0,1
477,454,290.0,50.0,0.0,110.0,1
483,453,290.0,50.0,0.0,110.0,1
489,453,290.0,50.0,0.0,110.0,1
495,453,290.0,50.0,0.0,110.0,1
501,453,290.0,50.0,0.0,110.0,1
507,453,290.0,50.0,0.0,110.0,1
513,453,290.0,50.0,0.0,110.0,1
519,453,290.0,50.0,0.0,110.0,1
525,453,290.0,50.0,0.0,110.0,1
531,453,290.0,50.0,0.0,110.0,1
537,453,290.0,50.0,0.0,110.0,1
543,453,290.0,50.0,0.0,110.0,1
543,453,290.0,50.0,0.0,110.0,1
543,453,290.0,50.0,0.0,110.0,1
543,453,290.0,50.0,0.0,110.0,1
543,453,290.0,50.0,0.0,110.0,1
543,453,290.0,50.0,0.0,110.0,1
543,457,290.0,50.0,0.0,110.0,1
542,462,290.0,50.0,0.0,110.0,1
538,468,290.0,50.0,0.0,110.0,1
534,474,290.0,50.0,0.0,110.0,1
531,480,290.0,50.0,0.0,110.0,1
531,480,290.0,50.0,0.0,110.0,1
.
572,462,290.0,50.0,0.0,110.0,1
578,460,290.0,50.0,0.0,110.0,1
584,458,290.0,50.0,0.0,110.0,1
590,456,290.0,50.0,0.0,110.0,1
596,455,290.0,50.0,0.0,110.0,1
602,455,290.0,50.0,0.0,110.0,1
608,455,290.0,50.0,0.0,110.0,1
614,455,290.0,50.0,0.0,110.0,1
620,455,290.0,50.0,0.0,110.0,1
626,455,290.0,50.0,0.0,110.0,1
632,455,290.0,50.0,0.0,110.0,1
638,455,290.0,50.0,0.0,110.0,1
644,455,290.0,50.0,0.0,110.0,1
650,455,290.0,50.0,0.0,110.0,1
656,455,290.0,50.0,0.0,110.0,1
662,455,290.0,50.0,0.0,110.0,1
668,455,290.0,50.0,0.0,110.0,1
674,455,290.0,50.0,0.0,110.0,1
680,455,290.0,50.0,0.0,110.0,1
686,455,290.0,50.0,0.0,110.0,1
692,455,290.0,50.0,0.0,110.0,1
698,455,290.0,50.0,0.0,110.0,1
704,455,290.0,50.0,0.0,110.0,1
710,455,290.0,50.0,0.0,110.0,1
716,460,290.0,50.0,0.0,110.0,1
722,465,290.0,50.0,0.0,110.0,1
728,470,290.0,50.0,0.0,110.0,1
734,475,290.0,50.0,0.0,110.0,1
.
686,208,62.0,90.0,100.0,110.0,1
692,206,62.0,90.0,100.0,110.0,1
692,206,62.0,90.0,100.0,110.0,1
692,206,62.0,90.0,100.0,110.0,1
692,206,62.0,90.0,100.0,110.0,1
690,210,62.0,90.0,100.0,110.0,1
688,215,62.0,90.0,100.0,110.0,1
685,220,62.0,90.0,100.0,110.0,1
682,225,62.0,90.0,100.0,110.0,1
678,230,62.0,90.0,100.0,110.0,1
674,235,62.0,90.0,100.0,110.0,1
670,240,62.0,90.0,100.0,110.0,1
666,245,62.0,90.0,100.0,110.0,1
662,250,62.0,90.0,100.0,110.0,1
658,255,62.0,90.0,100.0,110.0,1
654,260,62.0,90.0,100.0,110.0,1
650,265,62.0,90.0,100.0,110.0,1
646,269,62.0,90.0,100.0,110.0,1
642,273,62.0,90.0,100.0,110.0,1
638,273,62.0,90.0,100.0,110.0,1
634,273,62.0,90.0,100.0,110.0,1
630,273,62.0,90.0,100.0,110.0,1
626,273,62.0,90.0,100.0,110.0,1
622,273,62.0,90.0,100.0,110.0,1
618,278,62.0,90.0,100.0,110.0,1
614,283,62.0,90.0,100.0,110.0,1
610,288,62.0,90.0,100.0,110.0,1
606,293,62.0,90.0,100.0,110.0,1
602,298,62.0,90.0,100.0,110.0,1
598,303,62.0,90.0,100.0,110.0,1
594,307,62.0,90.0,100.0,110.0,1
590,310,62.0,90.0,100.0,110.0,1
586,310,62.0,90.0,100.0,110.0,1
582,310,62.0,90.0,100.0,110.0,1
578,310,62.0,90.0,100.0,110.0,1
574,310,62.0,90.0,100.0,110.0,1
570,310,62.0,90.0,100.0,110.0,1
566,310,62.0,90.0,100.0,110.0,1
562,310,62.0,90.0,100.0,110.0,1
558,310,62.0,90.0,100.0,110.0,1
.
705,193,62.0,90.0,100.0,110.0,1
705,193,62.0,90.0,100.0,110.0,1
705,193,62.0,90.0,100.0,110.0,1
705,193,62.0,90.0,100.0,110.0,1
705,193,62.0,90.0,100.0,110.0,1
705,197,62.0,90.0,100.0,110.0,1
702,203,62.0,90.0,100.0,110.0,1
699,209,62.0,90.0,100.0,110.0,1
695,215,62.0,90.0,100.0,110.0,1
691,221,62.0,90.0,100.0,110.0,1
687,226,62.0,90.0,100.0,110.0,1
683,231,62.0,90.0,100.0,110.0,1
679,237,62.0,90.0,100.0,110.0,1
675,243,62.0,90.0,100.0,110.0,1
671,249,62.0,90.0,100.0,110.0,1
667,255,62.0,90.0,100.0,110.0,1
663,261,62.0,90.0,100.0,110.0,1
659,267,62.0,90.0,100.0,110.0,1
655,272,62.0,90.0,100.0,110.0,1
651,277,62.0,90.0,100.0,110.0,1
647,282,62.0,90.0,100.0,110.0,1
643,286,62.0,90.0,100.0,110.0,1
639,290,62.0,90.0,100.0,110.0,1
635,294,62.0,90.0,100.0,110.0,1
631,298,62.0,90.0,100.0,110.0,1
627,298,62.0,90.0,100.0,110.0,1
623,298,62.0,90.0,100.0,110.0,1
619,298,62.0,90.0,100.0,110.0,1
615,298,62.0,90.0,100.0,110.0,1
611,298,62.0,90.0,100.0,110.0,1
607,298,62.0,90.0,100.0,110.0,1
603,298,62.0,90.0,100.0,110.0,1
599,298,62.0,90.0,100.0,110.0,1
595,298,62.0,90.0,100.0,110.0,1
591,298,62.0,90.0,100.0,110.0,1
587,298,62.0,90.0,100.0,110.0,1
583,298,62.0,90.0,100.0,110.0,1
579,298,62.0,90.0,100.0,110.0,1
575,298,62.0,90.0,100.0,110.0,1
.
608,328,62.0,90.0,100.0,110.0,1
605,328,62.0,90.0,100.0,110.0,1
601,328,62.0,90.0,100.0,110.0,1
597,328,62.0,90.0,100.0,110.0,1
593,328,62.0,90.0,100.0,110.0,1
589,328,62.0,90.0,100.0,110.0,1
585,328,62.0,90.0,100.0,110.0,1
581,328,62.0,90.0,100.0,110.0,1
577,328,62.0,90.0,100.0,110.0,1
573,328,62.0,90.0,100.0,110.0,1
569,328,62.0,90.0,100.0,110.0,1
565,328,62.0,90.0,100.0,110.0,1
561,328,62.0,90.0,100.0,110.0,1
557,328,62.0,90.0,100.0,110.0,1
553,328,62.0,90.0,100.0,110.0,1
549,328,62.0,90.0,100.0,110.0,1
545,328,62.0,90.0,100.0,110.0,1
541,328,62.0,90.0,100.0,110.0,1
537,328,62.0,90.0,100.0,110.0,1
533,328,62.0,90.0,100.0,110.0,1
529,328,62.0,90.0,100.0,110.0,1
525,328,62.0,90.0,100.0,110.0,1
521,328,62.0,90.0,100.0,110.0,1
517,328,62.0,90.0,100.0,110.0,1
513,328,62.0,90.0,100.0,110.0,1
509,328,62.0,90.0,100.0,110.0,1
505,328,62.0,90.0,100.0,110.0,1
501,328,62.0,90.0,100.0,110.0,1
497,328,62.0,90.0,100.0,110.0,1
493,328,62.0,90.0,100.0,110.0,1
489,328,62.0,90.0,100.0,110.0,1
485,328,62.0,90.0,100.0,110.0,1
481,328,62.0,90.0,100.0,110.0,1
477,328,62.0,90.0,100.0,110.0,1
473,328,62.0,90.0,100.0,110.0,1
469,328,62.0,90.0,100.0,110.0,1
465,328,62.0,90.0,100.0,110.0,1
461,328,62.0,90.0,100.0,110.0,1
457,328,62.0,90.0,100.0,110.0,1
453,328,62.0,90.0,100.0,110.0,1
449,328,62.0,90.0,100.0,110.0,1
445,328,62.0,90.0,100.0,110.0,1
441,328,62.0,90.0,100.0,110.0,1
437,328,62.0,90.0,100.0,110.0,1
433,328,62.0,90.0,100.0,110.0,1
429,328,62.0,90.0,100.0,110.0,1
425,328,62.0,90.0,100.0,110.0,1
421,328,62.0,90.0,100.0,110.0,1
417,328,62.0,90.0,100.0,110.0,1
413,328,62.0,90.0,100.0,110.0,1
409,328,62.0,90.0,100.0,110.0,1
405,328,62.0,90.0,100.0,110.0,1
401,328,62.0,90.0,100.0,110.0,1
397,328,62.0,90.0,100.0,110.0,1
393,328,62.0,90.0,100.0,110.0,1
389,328,62.0,90.0,100.0,110.0,1
385,328,62.0,90.0,100.0,110.0,1
381,328,62.0,90.0,100.0,110.0,1
377,328,62.0,90.0,100.0,110.0,1
373,328,62.0,90.0,100.0,110.0,1
369,328,62.0,90.0,100.0,110.0,1
365,328,62.0,90.0,100.0,110.0,1
361,328,62.0,90.0,100.0,110.0,1
357,328,62.0,90.0,100.0,110.0,1
353,328,62.0,90.0,100.0,110.0,1
349,328,62.0,90.0,100.0,110.0,1
.
324,329,62.0,90.0,100.0,110.0,1
320,327,62.0,90.0,100.0,110.0,1
316,325,62.0,90.0,100.0,110.0,1
312,323,62.0,90.0,100.0,110.0,1
308,321,62.0,90.0,100.0,110.0,1
304,319,62.0,90.0,100.0,110.0,1
300,318,62.0,90.0,100.0,110.0,1
296,318,62.0,90.0,100.0,110.0,1
292,318,62.0,90.0,100.0,110.0,1
288,318,62.0,90.0,100.0,110.0,1
284,318,62.0,90.0,100.0,110.0,1
280,317,62.0,90.0,100.0,110.0,1
276,315,62.0,90.0,100.0,110.0,1
272,313,62.0,90.0,100.0,110.0,1
268,311,62.0,90.0,100.0,110.0,1
264,309,62.0,90.0,100.0,110.0,1
260,307,62.0,90.0,100.0,110.0,1
256,305,62.0,90.0,100.0,110.0,1
252,303,62.0,90.0,100.0,110.0,1
248,301,62.0,90.0,100.0,110.0,1
244,298,62.0,90.0,100.0,110.0,1
.
192,247,62.0,90.0,100.0,110.0,1
188,243,62.0,90.0,100.0,110.0,1
184,239,62.0,90.0,100.0,110.0,1
.
217,273,62.0,90.0,100.0,110.0,1
217,273,62.0,90.0,100.0,110.0,1
217,273,62.0,90.0,100.0,110.0,1
215,271,62.0,90.0,100.0,110.0,1
212,268,62.0,90.0,100.0,110.0,1
209,264,62.0,90.0,100.0,110.0,1
205,260,62.0,90.0,100.0,110.0,1
201,256,62.0,90.0,100.0,110.0,1
197,252,62.0,90.0,100.0,110.0,1
193,248,62.0,90.0,100.0,110.0,1
189,244,62.0,90.0,100.0,110.0,1
185,240,62.0,90.0,100.0,110.0,1
181,236,62.0,90.0,100.0,110.0,1
177,232,62.0,90.0,100.0,110.0,1
173,228,62.0,90.0,100.0,110.0,1
169,224,62.0,90.0,100.0,110.0,1
165,220,62.0,90.0,100.0,110.0,1
161,216,62.0,90.0,100.0,110.0,1
157,212,62.0,90.0,100.0,110.0,1
153,208,62.0,90.0,100.0,110.0,1
149,204,62.0,90.0,100.0,110.0,1
145,200,62.0,90.0,100.0,110.0,1
142,196,62.0,90.0,100.0,110.0,1
140,192,62.0,90.0,100.0,110.0,1
138,188,62.0,90.0,100.0,110.0,1
136,184,62.0,90.0,100.0,110.0,1
134,180,62.0,90.0,100.0,110.0,1
133,176,62.0,90.0,100.0,110.0,1
.
131,164,62.0,90.0,100.0,110.0,1
131,164,62.0,90.0,100.0,110.0,1
131,164,62.0,90.0,100.0,110.0,1
131,164,62.0,90.0,100.0,110.0,1
131,164,62.0,90.0,100.0,110.0,1
134,164,62.0,90.0,100.0,110.0,1
139,164,62.0,90.0,100.0,110.0,1
145,164,62.0,90.0,100.0,110.0,1
151,164,62.0,90.0,100.0,110.0,1
157,164,62.0,90.0,100.0,110.0,1
163,164,62.0,90.0,100.0,110.0,1
169,164,62.0,90.0,100.0,110.0,1
175,164,62.0,90.0,100.0,110.0,1
181,164,62.0,90.0,100.0,110.0,1
187,164,62.0,90.0,100.0,110.0,1
193,164,62.0,90.0,100.0,110.0,1
199,164,62.0,90.0,100.0,110.0,1
205,169,62.0,90.0,100.0,110.0,1
211,174,62.0,90.0,100.0,110.0,1
217,179,62.0,90.0,100.0,110.0,1
223,184,62.0,90.0,100.0,110.0,1
229,184,62.0,90.0,100.0,110.0,1
235,184,62.0,90.0,100.0,110.0,1
241,184,62.0,90.0,100.0,110.0,1
247,184,62.0,90.0,100.0,110.0,1
253,184,62.0,90.0,100.0,110.0,1
259,184,62.0,90.0,100.0,110.0,1
265,184,62.0,90.0,100.0,110.0,1
271,184,62.0,90.0,100.0,110.0,1
277,184,62.0,90.0,100.0,110.0,1
283,184,62.0,90.0,100.0,110.0,1
289,184,62.0,90.0,100.0,110.0,1
295,184,62.0,90.0,100.0,110.0,1
301,184,62.0,90.0,100.0,110.0,1
307,184,62.0,90.0,100.0,110.0,1
313,184,62.0,90.0,100.0,110.0,1
.
341,189,62.0,90.0,100.0,110.0,1
341,189,62.0,90.0,100.0,110.0,1
345,189,62.0,90.0,100.0,110.0,1
350,189,62.0,90.0,100.0,110.0,1
356,189,62.0,90.0,100.0,110.0,1
362,189,62.0,90.0,100.0,110.0,1
368,189,62.0,90.0,100.0,110.0,1
374,189,62.0,90.0,100.0,110.0,1
380,192,62.0,90.0,100.0,110.0,1
386,195,62.0,90.0,100.0,110.0,1
392,199,62.0,90.0,100.0,110.0,1
398,203,62.0,90.0,100.0,110.0,1
404,207,62.0,90.0,100.0,110.0,1
410,207,62.0,90.0,100.0,110.0,1
416,207,62.0,90.0,100.0,110.0,1
422,207,62.0,90.0,100.0,110.0,1
428,207,62.0,90.0,100.0,110.0,1
434,207,62.0,90.0,100.0,110.0,1
440,207,62.0,90.0,100.0,110.0,1
446,207,62.0,90.0,100.0,110.0,1
.
488,201,62.0,90.0,100.0,110.0,1
488,201,62.0,90.0,100.0,110.0,1
488,200,62.0,90.0,100.0,110.0,1
492,198,62.0,90.0,100.0,110.0,1
497,196,62.0,90.0,100.0,110.0,1
502,194,62.0,90.0,100.0,110.0,1
508,192,62.0,90.0,100.0,110.0,1
514,190,62.0,90.0,100.0,110.0,1
520,188,62.0,90.0,100.0,110.0,1
526,186,62.0,90.0,100.0,110.0,1
532,184,62.0,90.0,100.0,110.0,1
538,182,62.0,90.0,100.0,110.0,1
544,180,62.0,90.0,100.0,110.0,1
550,178,62.0,90.0,100.0,110.0,1
556,176,62.0,90.0,100.0,110.0,1
562,174,62.0,90.0,100.0,110.0,1
568,172,62.0,90.0,100.0,110.0,1
574,171,62.0,90.0,100.0,110.0,1
580,170,62.0,90.0,100.0,110.0,1
586,169,62.0,90.0,100.0,110.0,1
592,168,62.0,90.0,100.0,110.0,1
598,167,62.0,90.0,100.0,110.0,1
604,166,62.0,90.0,100.0,110.0,1
610,165,62.0,90.0,100.0,110.0,1
616,164,62.0,90.0,100.0,110.0,1
622,163,62.0,90.0,100.0,110.0,1
628,162,62.0,90.0,100.0,110.0,1
634,161,62.0,90.0,100.0,110.0,1
640,160,62.0,90.0,100.0,110.0,1
646,159,62.0,90.0,100.0,110.0,1
652,158,62.0,90.0,100.0,110.0,1
658,156,62.0,90.0,100.0,110.0,1
664,154,62.0,90.0,100.0,110.0,1
670,152,62.0,90.0,100.0,110.0,1
676,150,62.0,90.0,100.0,110.0,1
682,148,62.0,90.0,100.0,110.0,1
688,145,62.0,90.0,100.0,110.0,1
694,142,62.0,90.0,100.0,110.0,1
.
718,143,62.0,90.0,100.0,110.0,1
716,143,62.0,90.0,100.0,110.0,1
715,143,62.0,90.0,100.0,110.0,1
715,147,62.0,90.0,100.0,110.0,1
715,152,62.0,90.0,100.0,110.0,1
715,157,62.0,90.0,100.0,110.0,1
715,162,62.0,90.0,100.0,110.0,1
.
653,195,131.0,90.0,100.0,110.0,1
649,195,131.0,90.0,100.0,110.0,1
645,195,131.0,90.0,100.0,110.0,1
641,195,131.0,90.0,100.0,110.0,1
637,195,131.0,90.0,100.0,110.0,1
633,195,131.0,90.0,100.0,110.0,1
629,195,131.0,90.0,100.0,110.0,1
625,195,131.0,90.0,100.0,110.0,1
621,198,131.0,90.0,100.0,110.0,1
617,202,131.0,90.0,100.0,110.0,1
613,207,131.0,90.0,100.0,110.0,1
609,212,131.0,90.0,100.0,110.0,1
605,217,131.0,90.0,100.0,110.0,1
601,222,131.0,90.0,100.0,110.0,1
597,227,131.0,90.0,100.0,110.0,1
593,232,131.0,90.0,100.0,110.0,1
589,237,131.0,90.0,100.0,110.0,1
585,241,131.0,90.0,100.0,110.0,1
581,244,131.0,90.0,100.0,110.0,1
577,244,131.0,90.0,100.0,110.0,1
573,244,131.0,90.0,100.0,110.0,1
569,244,131.0,90.0,100.0,110.0,1
.
449,238,131.0,90.0,100.0,110.0,1
445,243,131.0,90.0,100.0,110.0,1
445,243,131.0,90.0,100.0,110.0,1
.
481,243,131.0,90.0,100.0,110.0,1
481,243,131.0,90.0,100.0,110.0,1
.
506,243,131.0,90.0,100.0,110.0,1
506,243,131.0,90.0,100.0,110.0,1
.
418,243,131.0,90.0,100.0,110.0,1
414,243,131.0,90.0,100.0,110.0,1
410,243,131.0,90.0,100.0,110.0,1
406,243,131.0,90.0,100.0,110.0,1
402,243,131.0,90.0,100.0,110.0,1
398,243,131.0,90.0,100.0,110.0,1
394,243,131.0,90.0,100.0,110.0,1
390,243,131.0,90.0,100.0,110.0,1
386,243,131.0,90.0,100.0,110.0,1
382,243,131.0,90.0,100.0,110.0,1
378,243,131.0,90.0,100.0,110.0,1
374,243,131.0,90.0,100.0,110.0,1
370,243,131.0,90.0,100.0,110.0,1
366,243,131.0,90.0,100.0,110.0,1
362,243,131.0,90.0,100.0,110.0,1
358,243,131.0,90.0,100.0,110.0,1
354,243,131.0,90.0,100.0,110.0,1
350,242,131.0,90.0,100.0,110.0,1
346,240,131.0,90.0,100.0,110.0,1
342,238,131.0,90.0,100.0,110.0,1
338,236,131.0,90.0,100.0,110.0,1
334,233,131.0,90.0,100.0,110.0,1
.
243,215,131.0,90.0,100.0,110.0,1
243,215,131.0,90.0,100.0,110.0,1
243,215,131.0,90.0,100.0,110.0,1
243,215,131.0,90.0,100.0,110.0,1
243,215,131.0,90.0,100.0,110.0,1
243,219,131.0,90.0,100.0,110.0,1
243,223,131.0,90.0,100.0,110.0,1
243,227,131.0,90.0,100.0,110.0,1
247,232,131.0,90.0,100.0,110.0,1
251,237,131.0,90.0,100.0,110.0,1
255,242,131.0,90.0,100.0,110.0,1
259,247,131.0,90.0,100.0,110.0,1
263,251,131.0,90.0,100.0,110.0,1
.
416,161,53.0,90.0,100.0,110.0,1
416,161,53.0,90.0,100.0,110.0,1
416,161,53.0,90.0,100.0,110.0,1
416,160,53.0,90.0,100.0,110.0,1
416,156,53.0,90.0,100.0,110.0,1
416,152,53.0,90.0,100.0,110.0,1
416,148,53.0,90.0,100.0,110.0,1
416,144,53.0,90.0,100.0,110.0,1
416,140,53.0,90.0,100.0,110.0,1
416,136,53.0,90.0,100.0,110.0,1
416,132,53.0,90.0,100.0,110.0,1
416,128,53.0,90.0,100.0,110.0,1
416,124,53.0,90.0,100.0,110.0,1
416,120,53.0,90.0,100.0,110.0,1
416,116,53.0,90.0,100.0,110.0,1
416,112,53.0,90.0,100.0,110.0,1
.
416,87,53.0,90.0,100.0,110.0,1
416,85,53.0,90.0,100.0,110.0,1
416,81,53.0,90.0,100.0,110.0,1
416,77,53.0,90.0,100.0,110.0,1
416,73,53.0,90.0,100.0,110.0,1
416,69,53.0,90.0,100.0,110.0,1
416,65,53.0,90.0,100.0,110.0,1
416,61,53.0,90.0,100.0,110.0,1
416,57,53.0,90.0,100.0,110.0,1
416,53,53.0,90.0,100.0,110.0,1
416,49,53.0,90.0,100.0,110.0,1
416,45,53.0,90.0,100.0,110.0,1
416,41,53.0,90.0,100.0,110.0,1
416,37,53.0,90.0,100.0,110.0,1
416,33,53.0,90.0,100.0,110.0,1
416,29,53.0,90.0,100.0,110.0,1
416,25,53.0,90.0,100.0,110.0,1
416,21,53.0,90.0,100.0,110.0,1
416,17,53.0,90.0,100.0,110.0,1
.
416,7,53.0,90.0,100.0,110.0,1
416,7,53.0,90.0,100.0,110.0,1
416,7,53.0,90.0,100.0,110.0,1
420,11,53.0,90.0,100.0,110.0,1
424,15,53.0,90.0,100.0,110.0,1
429,19,53.0,90.0,100.0,110.0,1
434,24,53.0,90.0,100.0,110.0,1
439,29,53.0,90.0,100.0,110.0,1
444,34,53.0,90.0,100.0,110.0,1
449,39,53.0,90.0,100.0,110.0,1
454,44,53.0,90.0,100.0,110.0,1
459,49,53.0,90.0,100.0,110.0,1
464,54,53.0,90.0,100.0,110.0,1
469,59,53.0,90.0,100.0,110.0,1
474,64,53.0,90.0,100.0,110.0,1
479,69,53.0,90.0,100.0,110.0,1
484,74,53.0,90.0,100.0,110.0,1
489,79,53.0,90.0,100.0,110.0,1
494,84,53.0,90.0,100.0,110.0,1
499,88,53.0,90.0,100.0,110.0,1
504,92,53.0,90.0,100.0,110.0,1
509,96,53.0,90.0,100.0,110.0,1
.
513,96,53.0,90.0,100.0,110.0,1
509,96,53.0,90.0,100.0,110.0,1
505,96,53.0,90.0,100.0,110.0,1
501,96,53.0,90.0,100.0,110.0,1
497,96,53.0,90.0,100.0,110.0,1
493,96,53.0,90.0,100.0,110.0,1
489,96,53.0,90.0,100.0,110.0,1
485,96,53.0,90.0,100.0,110.0,1
481,96,53.0,90.0,100.0,110.0,1
477,96,53.0,90.0,100.0,110.0,1
473,96,53.0,90.0,100.0,110.0,1
469,96,53.0,90.0,100.0,110.0,1
465,96,53.0,90.0,100.0,110.0,1
.
443,97,53.0,90.0,100.0,110.0,1
442,97,53.0,90.0,100.0,110.0,1
442,97,53.0,90.0,100.0,110.0,1
.
489,94,38.0,155.0,100.0,110.0,1
489,94,38.0,155.0,100.0,110.0,1
489,94,38.0,155.0,100.0,110.0,1
489,94,38.0,155.0,100.0,110.0,1
489,94,38.0,155.0,100.0,110.0,1
489,94,38.0,155.0,100.0,110.0,1
487,94,38.0,155.0,100.0,110.0,1
484,94,38.0,155.0,100.0,110.0,1
480,92,38.0,155.0,100.0,110.0,1
476,90,38.0,155.0,100.0,110.0,1
472,88,38.0,155.0,100.0,110.0,1
468,86,38.0,155.0,100.0,110.0,1
464,84,38.0,155.0,100.0,110.0,1
460,82,38.0,155.0,100.0,110.0,1
456,80,38.0,155.0,100.0,110.0,1
452,78,38.0,155.0,100.0,110.0,1
448,74,38.0,155.0,100.0,110.0,1
444,70,38.0,155.0,100.0,110.0,1
440,66,38.0,155.0,100.0,110.0,1
437,62,38.0,155.0,100.0,110.0,1
434,58,38.0,155.0,100.0,110.0,1
431,54,38.0,155.0,100.0,110.0,1
429,50,38.0,155.0,100.0,110.0,1
428,46,38.0,155.0,100.0,110.0,1
428,42,38.0,155.0,100.0,110.0,1
.
454,49,38.0,155.0,100.0,110.0,1
454,49,38.0,155.0,100.0,110.0,1
.
487,79,38.0,155.0,100.0,110.0,1
487,79,38.0,155.0,100.0,110.0,1
.
429,89,38.0,155.0,100.0,110.0,1
.
232,319,11.0,155.0,100.0,110.0,1
232,319,11.0,155.0,100.0,110.0,1
232,319,11.0,155.0,100.0,110.0,1
236,319,11.0,155.0,100.0,110.0,1
241,323,11.0,155.0,100.0,110.0,1
247,327,11.0,155.0,100.0,110.0,1
253,331,11.0,155.0,100.0,110.0,1
259,335,11.0,155.0,100.0,110.0,1
265,339,11.0,155.0,100.0,110.0,1
271,342,11.0,155.0,100.0,110.0,1
277,342,11.0,155.0,100.0,110.0,1
283,342,11.0,155.0,100.0,110.0,1
289,342,11.0,155.0,100.0,110.0,1
295,342,11.0,155.0,100.0,110.0,1
301,342,11.0,155.0,100.0,110.0,1
307,342,11.0,155.0,100.0,110.0,1
313,342,11.0,155.0,100.0,110.0,1
319,342,11.0,155.0,100.0,110.0,1
325,342,11.0,155.0,100.0,110.0,1
331,342,11.0,155.0,100.0,110.0,1
337,342,11.0,155.0,100.0,110.0,1
343,342,11.0,155.0,100.0,110.0,1
349,342,11.0,155.0,100.0,110.0,1
355,342,11.0,155.0,100.0,110.0,1
361,342,11.0,155.0,100.0,110.0,1
367,342,11.0,155.0,100.0,110.0,1
373,342,11.0,155.0,100.0,110.0,1
379,342,11.0,155.0,100.0,110.0,1
385,342,11.0,155.0,100.0,110.0,1
391,342,11.0,155.0,100.0,110.0,1
397,342,11.0,155.0,100.0,110.0,1
403,342,11.0,155.0,100.0,110.0,1
409,342,11.0,155.0,100.0,110.0,1
415,342,11.0,155.0,100.0,110.0,1
421,341,11.0,155.0,100.0,110.0,1
427,340,11.0,155.0,100.0,110.0,1
433,339,11.0,155.0,100.0,110.0,1
439,338,11.0,155.0,100.0,110.0,1
445,337,11.0,155.0,100.0,110.0,1
451,336,11.0,155.0,100.0,110.0,1
457,335,11.0,155.0,100.0,110.0,1
463,333,11.0,155.0,100.0,110.0,1
469,331,11.0,155.0,100.0,110.0,1
475,329,11.0,155.0,100.0,110.0,1
481,327,11.0,155.0,100.0,110.0,1
487,327,11.0,155.0,100.0,110.0,1
493,327,11.0,155.0,100.0,110.0,1
499,327,11.0,155.0,100.0,110.0,1
505,327,11.0,155.0,100.0,110.0,1
511,327,11.0,155.0,100.0,110.0,1
517,327,11.0,155.0,100.0,110.0,1
523,327,11.0,155.0,100.0,110.0,1
529,327,11.0,155.0,100.0,110.0,1
535,327,11.0,155.0,100.0,110.0,1
541,327,11.0,155.0,100.0,110.0,1
547,327,11.0,155.0,100.0,110.0,1
553,327,11.0,155.0,100.0,110.0,1
559,327,11.0,155.0,100.0,110.0,1
565,327,11.0,155.0,100.0,110.0,1
571,327,11.0,155.0,100.0,110.0,1
577,327,11.0,155.0,100.0,110.0,1
583,327,11.0,155.0,100.0,110.0,1
589,327,11.0,155.0,100.0,110.0,1
595,327,11.0,155.0,100.0,110.0,1
.
625,323,11.0,155.0,100.0,110.0,1
631,322,11.0,155.0,100.0,110.0,1
.
611,328,11.0,155.0,100.0,110.0,1
610,328,11.0,155.0,100.0,110.0,1
607,328,11.0,155.0,100.0,110.0,1
604,328,11.0,155.0,100.0,110.0,1
600,328,11.0,155.0,100.0,110.0,1
600,328,11.0,155.0,100.0,110.0,1
600,327,11.0,155.0,100.0,110.0,1
600,326,11.0,155.0,100.0,110.0,1
600,325,11.0,155.0,100.0,110.0,1
600,323,11.0,155.0,100.0,110.0,1
604,321,11.0,155.0,100.0,110.0,1
608,319,11.0,155.0,100.0,110.0,1
612,317,11.0,155.0,100.0,110.0,1
616,317,11.0,155.0,100.0,110.0,1
.
675,278,11.0,155.0,100.0,110.0,1
671,278,11.0,155.0,100.0,110.0,1
667,278,11.0,155.0,100.0,110.0,1
663,278,11.0,155.0,100.0,110.0,1
659,281,11.0,155.0,100.0,110.0,1
655,285,11.0,155.0,100.0,110.0,1
651,289,11.0,155.0,100.0,110.0,1
647,293,11.0,155.0,100.0,110.0,1
643,296,11.0,155.0,100.0,110.0,1
639,296,11.0,155.0,100.0,110.0,1
635,296,11.0,155.0,100.0,110.0,1
631,296,11.0,155.0,100.0,110.0,1
627,296,11.0,155.0,100.0,110.0,1
623,296,11.0,155.0,100.0,110.0,1
619,296,11.0,155.0,100.0,110.0,1
615,296,11.0,155.0,100.0,110.0,1
611,296,11.0,155.0,100.0,110.0,1
607,296,11.0,155.0,100.0,110.0,1
603,296,11.0,155.0,100.0,110.0,1
599,296,11.0,155.0,100.0,110.0,1
595,296,11.0,155.0,100.0,110.0,1
591,296,11.0,155.0,100.0,110.0,1
587,296,11.0,155.0,100.0,110.0,1
583,296,11.0,155.0,100.0,110.0,1
579,296,11.0,155.0,100.0,110.0,1
575,296,11.0,155.0,100.0,110.0,1
571,296,11.0,155.0,100.0,110.0,1
567,296,11.0,155.0,100.0,110.0,1
563,296,11.0,155.0,100.0,110.0,1
559,296,11.0,155.0,100.0,110.0,1
555,296,11.0,155.0,100.0,110.0,1
551,296,11.0,155.0,100.0,110.0,1
547,296,11.0,155.0,100.0,110.0,1
543,296,11.0,155.0,100.0,110.0,1
539,296,11.0,155.0,100.0,110.0,1
535,296,11.0,155.0,100.0,110.0,1
531,295,11.0,155.0,100.0,110.0,1
527,294,11.0,155.0,100.0,110.0,1
523,293,11.0,155.0,100.0,110.0,1
519,292,11.0,155.0,100.0,110.0,1
515,291,11.0,155.0,100.0,110.0,1
511,290,11.0,155.0,100.0,110.0,1
507,289,11.0,155.0,100.0,110.0,1
503,288,11.0,155.0,100.0,110.0,1
499,287,11.0,155.0,100.0,110.0,1
495,286,11.0,155.0,100.0,110.0,1
491,285,11.0,155.0,100.0,110.0,1
487,284,11.0,155.0,100.0,110.0,1
483,284,11.0,155.0,100.0,110.0,1
479,284,11.0,155.0,100.0,110.0,1
475,284,11.0,155.0,100.0,110.0,1
471,284,11.0,155.0,100.0,110.0,1
467,284,11.0,155.0,100.0,110.0,1
463,284,11.0,155.0,100.0,110.0,1
459,284,11.0,155.0,100.0,110.0,1
455,284,11.0,155.0,100.0,110.0,1
451,284,11.0,155.0,100.0,110.0,1
447,284,11.0,155.0,100.0,110.0,1
443,284,11.0,155.0,100.0,110.0,1
439,284,11.0,155.0,100.0,110.0,1
435,284,11.0,155.0,100.0,110.0,1
431,284,11.0,155.0,100.0,110.0,1
427,284,11.0,155.0,100.0,110.0,1
423,284,11.0,155.0,100.0,110.0,1
419,284,11.0,155.0,100.0,110.0,1
415,284,11.0,155.0,100.0,110.0,1
411,284,11.0,155.0,100.0,110.0,1
407,284,11.0,155.0,100.0,110.0,1
403,284,11.0,155.0,100.0,110.0,1
399,284,11.0,155.0,100.0,110.0,1
395,284,11.0,155.0,100.0,110.0,1
391,284,11.0,155.0,100.0,110.0,1
387,284,11.0,155.0,100.0,110.0,1
383,284,11.0,155.0,100.0,110.0,1
379,284,11.0,155.0,100.0,110.0,1
375,284,11.0,155.0,100.0,110.0,1
371,284,11.0,155.0,100.0,110.0,1
367,284,11.0,155.0,100.0,110.0,1
363,284,11.0,155.0,100.0,110.0,1
359,284,11.0,155.0,100.0,110.0,1
355,284,11.0,155.0,100.0,110.0,1
351,284,11.0,155.0,100.0,110.0,1
347,284,11.0,155.0,100.0,110.0,1
343,284,11.0,155.0,100.0,110.0,1
339,284,11.0,155.0,100.0,110.0,1
335,284,11.0,155.0,100.0,110.0,1
331,284,11.0,155.0,100.0,110.0,1
327,284,11.0,155.0,100.0,110.0,1
323,284,11.0,155.0,100.0,110.0,1
319,284,11.0,155.0,100.0,110.0,1
315,284,11.0,155.0,100.0,110.0,1
311,284,11.0,155.0,100.0,110.0,1
307,284,11.0,155.0,100.0,110.0,1
303,284,11.0,155.0,100.0,110.0,1
299,284,11.0,155.0,100.0,110.0,1
295,284,11.0,155.0,100.0,110.0,1
291,284,11.0,155.0,100.0,110.0,1
287,284,11.0,155.0,100.0,110.0,1
283,284,11.0,155.0,100.0,110.0,1
279,284,11.0,155.0,100.0,110.0,1
275,284,11.0,155.0,100.0,110.0,1
271,284,11.0,155.0,100.0,110.0,1
267,284,11.0,155.0,100.0,110.0,1
263,284,11.0,155.0,100.0,110.0,1
259,284,11.0,155.0,100.0,110.0,1
255,284,11.0,155.0,100.0,110.0,1
251,284,11.0,155.0,100.0,110.0,1
.
193,284,11.0,155.0,100.0,110.0,1
193,284,11.0,155.0,100.0,110.0,1
193,284,11.0,155.0,100.0,110.0,1
193,284,11.0,155.0,100.0,110.0,1
197,284,11.0,155.0,100.0,110.0,1
201,284,11.0,155.0,100.0,110.0,1
206,284,11.0,155.0,100.0,110.0,1
211,284,11.0,155.0,100.0,110.0,1
216,284,11.0,155.0,100.0,110.0,1
221,284,11.0,155.0,100.0,110.0,1
226,284,11.0,155.0,100.0,110.0,1
231,284,11.0,155.0,100.0,110.0,1
236,284,11.0,155.0,100.0,110.0,1
241,284,11.0,155.0,100.0,110.0,1
245,284,11.0,155.0,100.0,110.0,1
.
159,253,11.0,155.0,100.0,110.0,1
159,253,11.0,155.0,100.0,110.0,1
159,253,11.0,155.0,100.0,110.0,1
159,253,11.0,155.0,100.0,110.0,1
164,253,11.0,155.0,100.0,110.0,1
170,252,11.0,155.0,100.0,110.0,1
176,250,11.0,155.0,100.0,110.0,1
182,248,11.0,155.0,100.0,110.0,1
188,246,11.0,155.0,100.0,110.0,1
194,245,11.0,155.0,100.0,110.0,1
200,244,11.0,155.0,100.0,110.0,1
206,244,11.0,155.0,100.0,110.0,1
212,244,11.0,155.0,100.0,110.0,1
218,244,11.0,155.0,100.0,110.0,1
224,244,11.0,155.0,100.0,110.0,1
230,244,11.0,155.0,100.0,110.0,1
236,244,11.0,155.0,100.0,110.0,1
242,244,11.0,155.0,100.0,110.0,1
248,244,11.0,155.0,100.0,110.0,1
254,244,11.0,155.0,100.0,110.0,1
260,244,11.0,155.0,100.0,110.0,1
266,244,11.0,155.0,100.0,110.0,1
272,244,11.0,155.0,100.0,110.0,1
278,244,11.0,155.0,100.0,110.0,1
284,244,11.0,155.0,100.0,110.0,1
290,244,11.0,155.0,100.0,110.0,1
296,244,11.0,155.0,100.0,110.0,1
302,244,11.0,155.0,100.0,110.0,1
308,244,11.0,155.0,100.0,110.0,1
314,244,11.0,155.0,100.0,110.0,1
320,244,11.0,155.0,100.0,110.0,1
326,244,11.0,155.0,100.0,110.0,1
332,244,11.0,155.0,100.0,110.0,1
338,244,11.0,155.0,100.0,110.0,1
344,244,11.0,155.0,100.0,110.0,1
350,244,11.0,155.0,100.0,110.0,1
356,244,11.0,155.0,100.0,110.0,1
362,244,11.0,155.0,100.0,110.0,1
368,244,11.0,155.0,100.0,110.0,1
374,244,11.0,155.0,100.0,110.0,1
380,244,11.0,155.0,100.0,110.0,1
386,244,11.0,155.0,100.0,110.0,1
392,244,11.0,155.0,100.0,110.0,1
398,244,11.0,155.0,100.0,110.0,1
404,244,11.0,155.0,100.0,110.0,1
410,244,11.0,155.0,100.0,110.0,1
416,244,11.0,155.0,100.0,110.0,1
422,244,11.0,155.0,100.0,110.0,1
428,244,11.0,155.0,100.0,110.0,1
434,244,11.0,155.0,100.0,110.0,1
440,244,11.0,155.0,100.0,110.0,1
446,244,11.0,155.0,100.0,110.0,1
452,244,11.0,155.0,100.0,110.0,1
458,244,11.0,155.0,100.0,110.0,1
464,244,11.0,155.0,100.0,110.0,1
470,244,11.0,155.0,100.0,110.0,1
476,244,11.0,155.0,100.0,110.0,1
482,244,11.0,155.0,100.0,110.0,1
488,244,11.0,155.0,100.0,110.0,1
494,244,11.0,155.0,100.0,110.0,1
500,244,11.0,155.0,100.0,110.0,1
506,244,11.0,155.0,100.0,110.0,1
512,244,11.0,155.0,100.0,110.0,1
518,244,11.0,155.0,100.0,110.0,1
524,244,11.0,155.0,100.0,110.0,1
530,244,11.0,155.0,100.0,110.0,1
536,244,11.0,155.0,100.0,110.0,1
542,244,11.0,155.0,100.0,110.0,1
548,244,11.0,155.0,100.0,110.0,1
554,244,11.0,155.0,100.0,110.0,1
560,244,11.0,155.0,100.0,110.0,1
566,244,11.0,155.0,100.0,110.0,1
572,244,11.0,155.0,100.0,110.0,1
578,244,11.0,155.0,100.0,110.0,1
584,244,11.0,155.0,100.0,110.0,1
590,244,11.0,155.0,100.0,110.0,1
596,244,11.0,155.0,100.0,110.0,1
.
650,244,11.0,155.0,100.0,110.0,1
656,244,11.0,155.0,100.0,110.0,1
662,244,11.0,155.0,100.0,110.0,1
668,244,11.0,155.0,100.0,110.0,1
674,244,11.0,155.0,100.0,110.0,1
680,244,11.0,155.0,100.0,110.0,1
686,244,11.0,155.0,100.0,110.0,1
692,244,11.0,155.0,100.0,110.0,1
698,244,11.0,155.0,100.0,110.0,1
.
646,240,11.0,155.0,100.0,110.0,1
645,240,11.0,155.0,100.0,110.0,1
641,240,11.0,155.0,100.0,110.0,1
637,240,11.0,155.0,100.0,110.0,1
633,240,11.0,155.0,100.0,110.0,1
629,240,11.0,155.0,100.0,110.0,1
625,240,11.0,155.0,100.0,110.0,1
621,240,11.0,155.0,100.0,110.0,1
617,240,11.0,155.0,100.0,110.0,1
613,240,11.0,155.0,100.0,110.0,1
609,240,11.0,155.0,100.0,110.0,1
.
730,193,11.0,155.0,100.0,110.0,1
730,193,11.0,155.0,100.0,110.0,1
729,193,11.0,155.0,100.0,110.0,1
725,193,11.0,155.0,100.0,110.0,1
721,193,11.0,155.0,100.0,110.0,1
717,193,11.0,155.0,100.0,110.0,1
713,193,11.0,155.0,100.0,110.0,1
709,193,11.0,155.0,100.0,110.0,1
705,193,11.0,155.0,100.0,110.0,1
701,193,11.0,155.0,100.0,110.0,1
697,193,11.0,155.0,100.0,110.0,1
693,193,11.0,155.0,100.0,110.0,1
689,196,11.0,155.0,100.0,110.0,1
685,199,11.0,155.0,100.0,110.0,1
681,202,11.0,155.0,100.0,110.0,1
677,206,11.0,155.0,100.0,110.0,1
673,210,11.0,155.0,100.0,110.0,1
669,213,11.0,155.0,100.0,110.0,1
665,213,11.0,155.0,100.0,110.0,1
661,213,11.0,155.0,100.0,110.0,1
657,213,11.0,155.0,100.0,110.0,1
653,213,11.0,155.0,100.0,110.0,1
649,213,11.0,155.0,100.0,110.0,1
645,213,11.0,155.0,100.0,110.0,1
641,213,11.0,155.0,100.0,110.0,1
637,213,11.0,155.0,100.0,110.0,1
633,213,11.0,155.0,100.0,110.0,1
629,213,11.0,155.0,100.0,110.0,1
.
591,211,11.0,155.0,100.0,110.0,1
591,211,11.0,155.0,100.0,110.0,1
595,211,11.0,155.0,100.0,110.0,1
600,211,11.0,155.0,100.0,110.0,1
605,211,11.0,155.0,100.0,110.0,1
610,211,11.0,155.0,100.0,110.0,1
615,211,11.0,155.0,100.0,110.0,1
620,211,11.0,155.0,100.0,110.0,1
625,211,11.0,155.0,100.0,110.0,1
.
589,211,11.0,155.0,100.0,110.0,1
585,211,11.0,155.0,100.0,110.0,1
581,211,11.0,155.0,100.0,110.0,1
577,211,11.0,155.0,100.0,110.0,1
573,211,11.0,155.0,100.0,110.0,1
569,211,11.0,155.0,100.0,110.0,1
565,211,11.0,155.0,100.0,110.0,1
561,211,11.0,155.0,100.0,110.0,1
557,211,11.0,155.0,100.0,110.0,1
553,211,11.0,155.0,100.0,110.0,1
549,211,11.0,155.0,100.0,110.0,1
545,211,11.0,155.0,100.0,110.0,1
541,211,11.0,155.0,100.0,110.0,1
537,211,11.0,155.0,100.0,110.0,1
533,211,11.0,155.0,100.0,110.0,1
529,211,11.0,155.0,100.0,110.0,1
525,211,11.0,155.0,100.0,110.0,1
521,211,11.0,155.0,100.0,110.0,1
517,211,11.0,155.0,100.0,110.0,1
513,211,11.0,155.0,100.0,110.0,1
509,211,11.0,155.0,100.0,110.0,1
505,211,11.0,155.0,100.0,110.0,1
501,211,11.0,155.0,100.0,110.0,1
497,211,11.0,155.0,100.0,110.0,1
493,211,11.0,155.0,100.0,110.0,1
489,211,11.0,155.0,100.0,110.0,1
485,211,11.0,155.0,100.0,110.0,1
481,211,11.0,155.0,100.0,110.0,1
477,211,11.0,155.0,100.0,110.0,1
473,211,11.0,155.0,100.0,110.0,1
469,211,11.0,155.0,100.0,110.0,1
465,211,11.0,155.0,100.0,110.0,1
461,211,11.0,155.0,100.0,110.0,1
457,211,11.0,155.0,100.0,110.0,1
453,211,11.0,155.0,100.0,110.0,1
449,211,11.0,155.0,100.0,110.0,1
445,211,11.0,155.0,100.0,110.0,1
441,211,11.0,155.0,100.0,110.0,1
437,211,11.0,155.0,100.0,110.0,1
433,211,11.0,155.0,100.0,110.0,1
429,211,11.0,155.0,100.0,110.0,1
425,211,11.0,155.0,100.0,110.0,1
421,211,11.0,155.0,100.0,110.0,1
417,211,11.0,155.0,100.0,110.0,1
413,211,11.0,155.0,100.0,110.0,1
409,211,11.0,155.0,100.0,110.0,1
405,211,11.0,155.0,100.0,110.0,1
401,211,11.0,155.0,100.0,110.0,1
397,210,11.0,155.0,100.0,110.0,1
393,209,11.0,155.0,100.0,110.0,1
389,208,11.0,155.0,100.0,110.0,1
385,207,11.0,155.0,100.0,110.0,1
381,206,11.0,155.0,100.0,110.0,1
377,205,11.0,155.0,100.0,110.0,1
373,204,11.0,155.0,100.0,110.0,1
369,203,11.0,155.0,100.0,110.0,1
365,203,11.0,155.0,100.0,110.0,1
361,203,11.0,155.0,100.0,110.0,1
357,203,11.0,155.0,100.0,110.0,1
353,203,11.0,155.0,100.0,110.0,1
349,203,11.0,155.0,100.0,110.0,1
345,203,11.0,155.0,100.0,110.0,1
341,203,11.0,155.0,100.0,110.0,1
337,203,11.0,155.0,100.0,110.0,1
333,203,11.0,155.0,100.0,110.0,1
329,203,11.0,155.0,100.0,110.0,1
325,203,11.0,155.0,100.0,110.0,1
321,203,11.0,155.0,100.0,110.0,1
317,203,11.0,155.0,100.0,110.0,1
313,203,11.0,155.0,100.0,110.0,1
309,203,11.0,155.0,100.0,110.0,1
305,203,11.0,155.0,100.0,110.0,1
301,203,11.0,155.0,100.0,110.0,1
297,203,11.0,155.0,100.0,110.0,1
293,203,11.0,155.0,100.0,110.0,1
289,203,11.0,155.0,100.0,110.0,1
285,203,11.0,155.0,100.0,110.0,1
281,203,11.0,155.0,100.0,110.0,1
277,203,11.0,155.0,100.0,110.0,1
273,203,11.0,155.0,100.0,110.0,1
269,203,11.0,155.0,100.0,110.0,1
265,203,11.0,155.0,100.0,110.0,1
261,203,11.0,155.0,100.0,110.0,1
257,203,11.0,155.0,100.0,110.0,1
253,203,11.0,155.0,100.0,110.0,1
249,203,11.0,155.0,100.0,110.0,1
245,203,11.0,155.0,100.0,110.0,1
241,203,11.0,155.0,100.0,110.0,1
237,203,11.0,155.0,100.0,110.0,1
233,203,11.0,155.0,100.0,110.0,1
229,203,11.0,155.0,100.0,110.0,1
225,203,11.0,155.0,100.0,110.0,1
221,203,11.0,155.0,100.0,110.0,1
217,203,11.0,155.0,100.0,110.0,1
213,203,11.0,155.0,100.0,110.0,1
209,203,11.0,155.0,100.0,110.0,1
205,203,11.0,155.0,100.0,110.0,1
201,203,11.0,155.0,100.0,110.0,1
197,203,11.0,155.0,100.0,110.0,1
193,203,11.0,155.0,100.0,110.0,1
189,203,11.0,155.0,100.0,110.0,1
185,203,11.0,155.0,100.0,110.0,1
181,203,11.0,155.0,100.0,110.0,1
177,203,11.0,155.0,100.0,110.0,1
173,203,11.0,155.0,100.0,110.0,1
169,203,11.0,155.0,100.0,110.0,1
165,203,11.0,155.0,100.0,110.0,1
161,203,11.0,155.0,100.0,110.0,1
157,203,11.0,155.0,100.0,110.0,1
153,203,11.0,155.0,100.0,110.0,1
149,203,11.0,155.0,100.0,110.0,1
145,203,11.0,155.0,100.0,110.0,1
141,203,11.0,155.0,100.0,110.0,1
137,203,11.0,155.0,100.0,110.0,1
133,203,11.0,155.0,100.0,110.0,1
129,203,11.0,155.0,100.0,110.0,1
125,203,11.0,155.0,100.0,110.0,1
.
136,226,11.0,155.0,100.0,140.0,1
140,226,11.0,155.0,100.0,140.0,1
146,226,11.0,155.0,100.0,140.0,1
152,226,11.0,155.0,100.0,140.0,1
158,226,11.0,155.0,100.0,140.0,1
164,226,11.0,155.0,100.0,140.0,1
170,226,11.0,155.0,100.0,140.0,1
176,226,11.0,155.0,100.0,140.0,1
182,226,11.0,155.0,100.0,140.0,1
188,226,11.0,155.0,100.0,140.0,1
194,226,11.0,155.0,100.0,140.0,1
200,226,11.0,155.0,100.0,140.0,1
206,226,11.0,155.0,100.0,140.0,1
212,226,11.0,155.0,100.0,140.0,1
218,226,11.0,155.0,100.0,140.0,1
224,226,11.0,155.0,100.0,140.0,1
230,226,11.0,155.0,100.0,140.0,1
236,226,11.0,155.0,100.0,140.0,1
242,226,11.0,155.0,100.0,140.0,1
248,226,11.0,155.0,100.0,140.0,1
254,226,11.0,155.0,100.0,140.0,1
260,226,11.0,155.0,100.0,140.0,1
266,226,11.0,155.0,100.0,140.0,1
272,226,11.0,155.0,100.0,140.0,1
278,226,11.0,155.0,100.0,140.0,1
284,226,11.0,155.0,100.0,140.0,1
290,226,11.0,155.0,100.0,140.0,1
296,226,11.0,155.0,100.0,140.0,1
302,226,11.0,155.0,100.0,140.0,1
308,226,11.0,155.0,100.0,140.0,1
314,226,11.0,155.0,100.0,140.0,1
320,226,11.0,155.0,100.0,140.0,1
326,226,11.0,155.0,100.0,140.0,1
332,226,11.0,155.0,100.0,140.0,1
338,226,11.0,155.0,100.0,140.0,1
.
347,226,11.0,155.0,100.0,140.0,1
351,226,11.0,155.0,100.0,140.0,1
356,226,11.0,155.0,100.0,140.0,1
362,226,11.0,155.0,100.0,140.0,1
368,226,11.0,155.0,100.0,140.0,1
374,226,11.0,155.0,100.0,140.0,1
380,226,11.0,155.0,100.0,140.0,1
386,226,11.0,155.0,100.0,140.0,1
392,226,11.0,155.0,100.0,140.0,1
398,226,11.0,155.0,100.0,140.0,1
404,226,11.0,155.0,100.0,140.0,1
410,226,11.0,155.0,100.0,140.0,1
416,226,11.0,155.0,100.0,140.0,1
422,226,11.0,155.0,100.0,140.0,1
428,226,11.0,155.0,100.0,140.0,1
434,226,11.0,155.0,100.0,140.0,1
440,226,11.0,155.0,100.0,140.0,1
446,226,11.0,155.0,100.0,140.0,1
452,226,11.0,155.0,100.0,140.0,1
458,226,11.0,155.0,100.0,140.0,1
464,226,11.0,155.0,100.0,140.0,1
470,226,11.0,155.0,100.0,140.0,1
476,226,11.0,155.0,100.0,140.0,1
482,226,11.0,155.0,100.0,140.0,1
488,226,11.0,155.0,100.0,140.0,1
494,226,11.0,155.0,100.0,140.0,1
500,226,11.0,155.0,100.0,140.0,1
506,226,11.0,155.0,100.0,140.0,1
512,226,11.0,155.0,100.0,140.0,1
518,226,11.0,155.0,100.0,140.0,1
524,226,11.0,155.0,100.0,140.0,1
530,226,11.0,155.0,100.0,140.0,1
536,226,11.0,155.0,100.0,140.0,1
542,226,11.0,155.0,100.0,140.0,1
548,226,11.0,155.0,100.0,140.0,1
554,226,11.0,155.0,100.0,140.0,1
560,226,11.0,155.0,100.0,140.0,1
566,226,11.0,155.0,100.0,140.0,1
572,226,11.0,155.0,100.0,140.0,1
578,226,11.0,155.0,100.0,140.0,1
584,226,11.0,155.0,100.0,140.0,1
590,226,11.0,155.0,100.0,140.0,1
596,226,11.0,155.0,100.0,140.0,1
602,226,11.0,155.0,100.0,140.0,1
608,226,11.0,155.0,100.0,140.0,1
614,226,11.0,155.0,100.0,140.0,1
620,226,11.0,155.0,100.0,140.0,1
626,226,11.0,155.0,100.0,140.0,1
632,226,11.0,155.0,100.0,140.0,1
638,226,11.0,155.0,100.0,140.0,1
644,226,11.0,155.0,100.0,140.0,1
650,226,11.0,155.0,100.0,140.0,1
656,226,11.0,155.0,100.0,140.0,1
662,226,11.0,155.0,100.0,140.0,1
668,226,11.0,155.0,100.0,140.0,1
674,226,11.0,155.0,100.0,140.0,1
680,226,11.0,155.0,100.0,140.0,1
686,226,11.0,155.0,100.0,140.0,1
692,226,11.0,155.0,100.0,140.0,1
698,226,11.0,155.0,100.0,140.0,1
704,226,11.0,155.0,100.0,140.0,1
710,226,11.0,155.0,100.0,140.0,1
716,226,11.0,155.0,100.0,140.0,1
722,226,11.0,155.0,100.0,140.0,1
.
695,263,11.0,155.0,100.0,140.0,1
694,263,11.0,155.0,100.0,140.0,1
691,263,11.0,155.0,100.0,140.0,1
687,263,11.0,155.0,100.0,140.0,1
683,263,11.0,155.0,100.0,140.0,1
679,263,11.0,155.0,100.0,140.0,1
675,263,11.0,155.0,100.0,140.0,1
671,263,11.0,155.0,100.0,140.0,1
667,263,11.0,155.0,100.0,140.0,1
663,263,11.0,155.0,100.0,140.0,1
659,263,11.0,155.0,100.0,140.0,1
655,263,11.0,155.0,100.0,140.0,1
651,263,11.0,155.0,100.0,140.0,1
647,263,11.0,155.0,100.0,140.0,1
643,263,11.0,155.0,100.0,140.0,1
639,263,11.0,155.0,100.0,140.0,1
635,263,11.0,155.0,100.0,140.0,1
631,263,11.0,155.0,100.0,140.0,1
627,263,11.0,155.0,100.0,140.0,1
623,267,11.0,155.0,100.0,140.0,1
619,271,11.0,155.0,100.0,140.0,1
615,275,11.0,155.0,100.0,140.0,1
611,279,11.0,155.0,100.0,140.0,1
607,279,11.0,155.0,100.0,140.0,1
603,279,11.0,155.0,100.0,140.0,1
599,279,11.0,155.0,100.0,140.0,1
595,279,11.0,155.0,100.0,140.0,1
591,279,11.0,155.0,100.0,140.0,1
587,279,11.0,155.0,100.0,140.0,1
583,279,11.0,155.0,100.0,140.0,1
579,279,11.0,155.0,100.0,140.0,1
575,279,11.0,155.0,100.0,140.0,1
571,279,11.0,155.0,100.0,140.0,1
567,279,11.0,155.0,100.0,140.0,1
563,278,11.0,155.0,100.0,140.0,1
559,277,11.0,155.0,100.0,140.0,1
555,275,11.0,155.0,100.0,140.0,1
551,272,11.0,155.0,100.0,140.0,1
547,269,11.0,155.0,100.0,140.0,1
543,266,11.0,155.0,100.0,140.0,1
539,263,11.0,155.0,100.0,140.0,1
535,261,11.0,155.0,100.0,140.0,1
.
515,254,11.0,155.0,100.0,140.0,1
511,254,11.0,155.0,100.0,140.0,1
507,254,11.0,155.0,100.0,140.0,1
503,254,11.0,155.0,100.0,140.0,1
499,254,11.0,155.0,100.0,140.0,1
.
522,259,11.0,155.0,100.0,140.0,1
.
530,259,11.0,155.0,100.0,140.0,1
.
491,259,11.0,155.0,100.0,140.0,1
488,259,11.0,155.0,100.0,140.0,1
484,259,11.0,155.0,100.0,140.0,1
480,259,11.0,155.0,100.0,140.0,1
476,259,11.0,155.0,100.0,140.0,1
472,259,11.0,155.0,100.0,140.0,1
468,259,11.0,155.0,100.0,140.0,1
464,259,11.0,155.0,100.0,140.0,1
460,259,11.0,155.0,100.0,140.0,1
456,259,11.0,155.0,100.0,140.0,1
452,259,11.0,155.0,100.0,140.0,1
448,259,11.0,155.0,100.0,140.0,1
444,259,11.0,155.0,100.0,140.0,1
440,259,11.0,155.0,100.0,140.0,1
436,259,11.0,155.0,100.0,140.0,1
432,259,11.0,155.0,100.0,140.0,1
428,259,11.0,155.0,100.0,140.0,1
424,259,11.0,155.0,100.0,140.0,1
420,259,11.0,155.0,100.0,140.0,1
416,259,11.0,155.0,100.0,140.0,1
412,259,11.0,155.0,100.0,140.0,1
408,259,11.0,155.0,100.0,140.0,1
404,259,11.0,155.0,100.0,140.0,1
400,259,11.0,155.0,100.0,140.0,1
396,259,11.0,155.0,100.0,140.0,1
392,259,11.0,155.0,100.0,140.0,1
388,259,11.0,155.0,100.0,140.0,1
384,259,11.0,155.0,100.0,140.0,1
380,259,11.0,155.0,100.0,140.0,1
376,259,11.0,155.0,100.0,140.0,1
372,259,11.0,155.0,100.0,140.0,1
368,259,11.0,155.0,100.0,140.0,1
364,259,11.0,155.0,100.0,140.0,1
360,259,11.0,155.0,100.0,140.0,1
356,259,11.0,155.0,100.0,140.0,1
352,259,11.0,155.0,100.0,140.0,1
348,259,11.0,155.0,100.0,140.0,1
344,259,11.0,155.0,100.0,140.0,1
340,259,11.0,155.0,100.0,140.0,1
336,259,11.0,155.0,100.0,140.0,1
332,259,11.0,155.0,100.0,140.0,1
328,259,11.0,155.0,100.0,140.0,1
324,259,11.0,155.0,100.0,140.0,1
320,259,11.0,155.0,100.0,140.0,1
316,259,11.0,155.0,100.0,140.0,1
312,259,11.0,155.0,100.0,140.0,1
308,259,11.0,155.0,100.0,140.0,1
304,259,11.0,155.0,100.0,140.0,1
300,259,11.0,155.0,100.0,140.0,1
296,259,11.0,155.0,100.0,140.0,1
292,259,11.0,155.0,100.0,140.0,1
288,259,11.0,155.0,100.0,140.0,1
284,259,11.0,155.0,100.0,140.0,1
280,259,11.0,155.0,100.0,140.0,1
276,259,11.0,155.0,100.0,140.0,1
272,259,11.0,155.0,100.0,140.0,1
268,259,11.0,155.0,100.0,140.0,1
264,259,11.0,155.0,100.0,140.0,1
260,259,11.0,155.0,100.0,140.0,1
256,259,11.0,155.0,100.0,140.0,1
252,259,11.0,155.0,100.0,140.0,1
248,259,11.0,155.0,100.0,140.0,1
244,259,11.0,155.0,100.0,140.0,1
240,259,11.0,155.0,100.0,140.0,1
236,259,11.0,155.0,100.0,140.0,1
232,259,11.0,155.0,100.0,140.0,1
228,259,11.0,155.0,100.0,140.0,1
224,259,11.0,155.0,100.0,140.0,1
220,259,11.0,155.0,100.0,140.0,1
216,259,11.0,155.0,100.0,140.0,1
212,259,11.0,155.0,100.0,140.0,1
208,259,11.0,155.0,100.0,140.0,1
204,259,11.0,155.0,100.0,140.0,1
200,259,11.0,155.0,100.0,140.0,1
196,259,11.0,155.0,100.0,140.0,1
192,259,11.0,155.0,100.0,140.0,1
188,259,11.0,155.0,100.0,140.0,1
184,259,11.0,155.0,100.0,140.0,1
.
213,300,11.0,155.0,100.0,140.0,1
213,300,11.0,155.0,100.0,140.0,1
213,300,11.0,155.0,100.0,140.0,1
217,300,11.0,155.0,100.0,140.0,1
221,300,11.0,155.0,100.0,140.0,1
226,300,11.0,155.0,100.0,140.0,1
232,300,11.0,155.0,100.0,140.0,1
238,300,11.0,155.0,100.0,140.0,1
244,300,11.0,155.0,100.0,140.0,1
250,300,11.0,155.0,100.0,140.0,1
256,300,11.0,155.0,100.0,140.0,1
262,300,11.0,155.0,100.0,140.0,1
268,300,11.0,155.0,100.0,140.0,1
274,300,11.0,155.0,100.0,140.0,1
280,300,11.0,155.0,100.0,140.0,1
286,300,11.0,155.0,100.0,140.0,1
292,300,11.0,155.0,100.0,140.0,1
298,300,11.0,155.0,100.0,140.0,1
304,300,11.0,155.0,100.0,140.0,1
310,304,11.0,155.0,100.0,140.0,1
316,309,11.0,155.0,100.0,140.0,1
322,314,11.0,155.0,100.0,140.0,1
328,319,11.0,155.0,100.0,140.0,1
334,323,11.0,155.0,100.0,140.0,1
340,323,11.0,155.0,100.0,140.0,1
346,323,11.0,155.0,100.0,140.0,1
352,323,11.0,155.0,100.0,140.0,1
358,323,11.0,155.0,100.0,140.0,1
364,323,11.0,155.0,100.0,140.0,1
370,323,11.0,155.0,100.0,140.0,1
376,323,11.0,155.0,100.0,140.0,1
382,323,11.0,155.0,100.0,140.0,1
388,323,11.0,155.0,100.0,140.0,1
394,323,11.0,155.0,100.0,140.0,1
400,323,11.0,155.0,100.0,140.0,1
406,323,11.0,155.0,100.0,140.0,1
412,322,11.0,155.0,100.0,140.0,1
418,321,11.0,155.0,100.0,140.0,1
424,320,11.0,155.0,100.0,140.0,1
430,319,11.0,155.0,100.0,140.0,1
436,318,11.0,155.0,100.0,140.0,1
442,317,11.0,155.0,100.0,140.0,1
448,316,11.0,155.0,100.0,140.0,1
454,315,11.0,155.0,100.0,140.0,1
460,314,11.0,155.0,100.0,140.0,1
466,313,11.0,155.0,100.0,140.0,1
472,312,11.0,155.0,100.0,140.0,1
478,311,11.0,155.0,100.0,140.0,1
484,311,11.0,155.0,100.0,140.0,1
490,311,11.0,155.0,100.0,140.0,1
496,311,11.0,155.0,100.0,140.0,1
502,311,11.0,155.0,100.0,140.0,1
508,311,11.0,155.0,100.0,140.0,1
514,311,11.0,155.0,100.0,140.0,1
520,311,11.0,155.0,100.0,140.0,1
526,311,11.0,155.0,100.0,140.0,1
532,311,11.0,155.0,100.0,140.0,1
538,311,11.0,155.0,100.0,140.0,1
544,311,11.0,155.0,100.0,140.0,1
550,311,11.0,155.0,100.0,140.0,1
556,311,11.0,155.0,100.0,140.0,1
562,311,11.0,155.0,100.0,140.0,1
568,311,11.0,155.0,100.0,140.0,1
574,311,11.0,155.0,100.0,140.0,1
580,311,11.0,155.0,100.0,140.0,1
586,311,11.0,155.0,100.0,140.0,1
592,311,11.0,155.0,100.0,140.0,1
598,311,11.0,155.0,100.0,140.0,1
604,311,11.0,155.0,100.0,140.0,1
610,311,11.0,155.0,100.0,140.0,1
616,311,11.0,155.0,100.0,140.0,1
622,311,11.0,155.0,100.0,140.0,1
628,311,11.0,155.0,100.0,140.0,1
634,311,11.0,155.0,100.0,140.0,1
640,311,11.0,155.0,100.0,140.0,1
646,311,11.0,155.0,100.0,140.0,1
652,311,11.0,155.0,100.0,140.0,1
.
631,344,11.0,155.0,100.0,140.0,1
631,344,11.0,155.0,100.0,140.0,1
629,344,11.0,155.0,100.0,140.0,1
626,344,11.0,155.0,100.0,140.0,1
623,344,11.0,155.0,100.0,140.0,1
620,344,11.0,155.0,100.0,140.0,1
617,344,11.0,155.0,100.0,140.0,1
614,344,11.0,155.0,100.0,140.0,1
611,344,11.0,155.0,100.0,140.0,1
608,344,11.0,155.0,100.0,140.0,1
605,344,11.0,155.0,100.0,140.0,1
601,344,11.0,155.0,100.0,140.0,1
597,344,11.0,155.0,100.0,140.0,1
593,344,11.0,155.0,100.0,140.0,1
589,344,11.0,155.0,100.0,140.0,1
585,344,11.0,155.0,100.0,140.0,1
581,344,11.0,155.0,100.0,140.0,1
577,344,11.0,155.0,100.0,140.0,1
573,344,11.0,155.0,100.0,140.0,1
569,344,11.0,155.0,100.0,140.0,1
565,344,11.0,155.0,100.0,140.0,1
561,344,11.0,155.0,100.0,140.0,1
557,344,11.0,155.0,100.0,140.0,1
553,344,11.0,155.0,100.0,140.0,1
549,344,11.0,155.0,100.0,140.0,1
545,344,11.0,155.0,100.0,140.0,1
541,344,11.0,155.0,100.0,140.0,1
537,344,11.0,155.0,100.0,140.0,1
533,344,11.0,155.0,100.0,140.0,1
529,344,11.0,155.0,100.0,140.0,1
525,344,11.0,155.0,100.0,140.0,1
521,344,11.0,155.0,100.0,140.0,1
517,344,11.0,155.0,100.0,140.0,1
513,344,11.0,155.0,100.0,140.0,1
509,344,11.0,155.0,100.0,140.0,1
505,347,11.0,155.0,100.0,140.0,1
501,350,11.0,155.0,100.0,140.0,1
497,353,11.0,155.0,100.0,140.0,1
493,356,11.0,155.0,100.0,140.0,1
489,356,11.0,155.0,100.0,140.0,1
.
636,75,11.0,155.0,430.0,140.0,1
636,75,11.0,155.0,430.0,140.0,1
636,75,11.0,155.0,430.0,140.0,1
636,75,11.0,155.0,430.0,140.0,1
640,75,11.0,155.0,430.0,140.0,1
645,75,11.0,155.0,430.0,140.0,1
651,75,11.0,155.0,430.0,140.0,1
657,75,11.0,155.0,430.0,140.0,1
663,73,11.0,155.0,430.0,140.0,1
669,70,11.0,155.0,430.0,140.0,1
674,66,11.0,155.0,430.0,140.0,1
678,62,11.0,155.0,430.0,140.0,1
678,58,11.0,155.0,430.0,140.0,1
678,54,11.0,155.0,430.0,140.0,1
674,50,11.0,155.0,430.0,140.0,1
670,46,11.0,155.0,430.0,140.0,1
666,43,11.0,155.0,430.0,140.0,1
662,41,11.0,155.0,430.0,140.0,1
658,40,11.0,155.0,430.0,140.0,1
654,39,11.0,155.0,430.0,140.0,1
650,39,11.0,155.0,430.0,140.0,1
646,39,11.0,155.0,430.0,140.0,1
642,39,11.0,155.0,430.0,140.0,1
638,42,11.0,155.0,430.0,140.0,1
634,46,11.0,155.0,430.0,140.0,1
630,51,11.0,155.0,430.0,140.0,1
626,56,11.0,155.0,430.0,140.0,1
622,61,11.0,155.0,430.0,140.0,1
619,66,11.0,155.0,430.0,140.0,1
619,71,11.0,155.0,430.0,140.0,1
619,76,11.0,155.0,430.0,140.0,1
619,76,11.0,155.0,430.0,140.0,1
623,76,11.0,155.0,430.0,140.0,1
629,76,11.0,155.0,430.0,140.0,1
635,73,11.0,155.0,430.0,140.0,1
641,69,11.0,155.0,430.0,140.0,1
.
641,80,11.0,155.0,430.0,140.0,1
641,80,11.0,155.0,430.0,140.0,1
641,85,11.0,155.0,430.0,140.0,1
641,91,11.0,155.0,430.0,140.0,1
641,97,11.0,155.0,430.0,140.0,1
641,103,11.0,155.0,430.0,140.0,1
641,109,11.0,155.0,430.0,140.0,1
641,115,11.0,155.0,430.0,140.0,1
641,121,11.0,155.0,430.0,140.0,1
641,127,11.0,155.0,430.0,140.0,1
641,133,11.0,155.0,430.0,140.0,1
641,139,11.0,155.0,430.0,140.0,1
.
639,125,11.0,155.0,430.0,140.0,1
638,125,11.0,155.0,430.0,140.0,1
634,125,11.0,155.0,430.0,140.0,1
630,125,11.0,155.0,430.0,140.0,1
626,125,11.0,155.0,430.0,140.0,1
622,125,11.0,155.0,430.0,140.0,1
618,123,11.0,155.0,430.0,140.0,1
614,119,11.0,155.0,430.0,140.0,1
610,115,11.0,155.0,430.0,140.0,1
606,111,11.0,155.0,430.0,140.0,1
.
643,105,11.0,155.0,430.0,140.0,1
647,105,11.0,155.0,430.0,140.0,1
653,105,11.0,155.0,430.0,140.0,1
659,105,11.0,155.0,430.0,140.0,1
665,105,11.0,155.0,430.0,140.0,1
671,105,11.0,155.0,430.0,140.0,1
677,105,11.0,155.0,430.0,140.0,1
683,105,11.0,155.0,430.0,140.0,1
.
663,53,11.0,155.0,430.0,450.0,1
663,53,11.0,155.0,430.0,450.0,1
.
644,53,11.0,155.0,430.0,450.0,1
.
642,70,11.0,155.0,430.0,450.0,1
642,75,11.0,155.0,430.0,450.0,1
646,80,11.0,155.0,430.0,450.0,1
651,85,11.0,155.0,430.0,450.0,1
657,85,11.0,155.0,430.0,450.0,1
.
662,81,11.0,155.0,430.0,450.0,1
662,81,11.0,155.0,430.0,450.0,1
666,80,11.0,155.0,430.0,450.0,1
669,79,11.0,155.0,430.0,450.0,1
673,77,11.0,155.0,430.0,450.0,1
677,75,11.0,155.0,430.0,450.0,1
677,72,11.0,155.0,430.0,450.0,1
.
680,35,11.0,155.0,430.0,450.0,1
676,35,11.0,155.0,430.0,450.0,1
672,35,11.0,155.0,430.0,450.0,1
668,35,11.0,155.0,430.0,450.0,1
664,35,11.0,155.0,430.0,450.0,1
660,35,11.0,155.0,430.0,450.0,1
656,35,11.0,155.0,430.0,450.0,1
652,35,11.0,155.0,430.0,450.0,1
648,35,11.0,155.0,430.0,450.0,1
644,35,11.0,155.0,430.0,450.0,1
640,35,11.0,155.0,430.0,450.0,1
636,35,11.0,155.0,430.0,450.0,1
632,35,11.0,155.0,430.0,450.0,1
628,35,11.0,155.0,430.0,450.0,1
624,35,11.0,155.0,430.0,450.0,1
.
644,33,11.0,155.0,430.0,450.0,1
644,29,11.0,155.0,430.0,450.0,1
644,25,11.0,155.0,430.0,450.0,1
644,21,11.0,155.0,430.0,450.0,1
644,17,11.0,155.0,430.0,450.0,1
644,13,11.0,155.0,430.0,450.0,1
644,9,11.0,155.0,430.0,450.0,1
644,9,11.0,155.0,430.0,450.0,1
650,13,11.0,155.0,430.0,450.0,1
656,13,11.0,155.0,430.0,450.0,1
662,13,11.0,155.0,430.0,450.0,1
.
668,13,11.0,155.0,430.0,450.0,1
668,13,11.0,155.0,430.0,450.0,1
668,18,11.0,155.0,430.0,450.0,1
668,24,11.0,155.0,430.0,450.0,1
668,30,11.0,155.0,430.0,450.0,1
.
475,94,11.0,155.0,430.0,450.0,1
.
489,82,11.0,155.0,430.0,450.0,1
.
468,82,11.0,155.0,430.0,450.0,1
.
464,58,11.0,155.0,430.0,450.0,1
.
448,78,11.0,155.0,430.0,450.0,1
.
427,88,11.0,155.0,430.0,450.0,1
.
431,65,11.0,155.0,430.0,450.0,1
.
450,54,11.0,155.0,430.0,450.0,1
.
428,35,11.0,155.0,430.0,450.0,1
.
415,46,11.0,155.0,430.0,450.0,1
.
13,39,137.0,155.0,490.0,450.0,1
13,39,137.0,155.0,490.0,450.0,1
.
113,5,35.0,155.0,490.0,450.0,1
119,5,35.0,155.0,490.0,450.0,1
125,5,35.0,155.0,490.0,450.0,1
131,5,35.0,155.0,490.0,450.0,1
137,5,35.0,155.0,490.0,450.0,1
143,5,35.0,155.0,490.0,450.0,1
149,5,35.0,155.0,490.0,450.0,1
155,5,35.0,155.0,490.0,450.0,1
.
111,61,35.0,155.0,490.0,450.0,1
117,65,35.0,155.0,490.0,450.0,1
123,69,35.0,155.0,490.0,450.0,1
129,73,35.0,155.0,490.0,450.0,1
135,77,35.0,155.0,490.0,450.0,1
141,81,35.0,155.0,490.0,450.0,1
147,85,35.0,155.0,490.0,450.0,1
.
95,117,35.0,155.0,490.0,450.0,1
95,117,35.0,155.0,490.0,450.0,1
95,117,35.0,155.0,490.0,450.0,1
94,117,35.0,155.0,490.0,450.0,1
93,117,35.0,155.0,490.0,450.0,1
92,117,35.0,155.0,490.0,450.0,1
90,117,35.0,155.0,490.0,450.0,1
88,117,35.0,155.0,490.0,450.0,1
86,117,35.0,155.0,490.0,450.0,1
84,117,35.0,155.0,490.0,450.0,1
.
42,143,35.0,155.0,490.0,450.0,1
46,149,35.0,155.0,490.0,450.0,1
51,155,35.0,155.0,490.0,450.0,1
56,161,35.0,155.0,490.0,450.0,1
61,167,35.0,155.0,490.0,450.0,1
66,173,35.0,155.0,490.0,450.0,1
71,179,35.0,155.0,490.0,450.0,1
76,185,35.0,155.0,490.0,450.0,1
81,191,35.0,155.0,490.0,450.0,1
.
-1,155,35.0,155.0,490.0,450.0,1
-1,160,35.0,155.0,490.0,450.0,1
-1,166,35.0,155.0,490.0,450.0,1
-1,172,35.0,155.0,490.0,450.0,1
-1,178,35.0,155.0,490.0,450.0,1
-1,184,35.0,155.0,490.0,450.0,1
-1,190,35.0,155.0,490.0,450.0,1
-1,196,35.0,155.0,490.0,450.0,1
-1,202,35.0,155.0,490.0,450.0,1
-1,208,35.0,155.0,490.0,450.0,1
.
